Core_0_IPC: 0.25944
Core_0_branch_prediction_accuracy: 75.52897
Core_0_L1D_total_hit: 1204369
Core_0_L1D_total_miss: 144825
Core_0_L1I_total_hit: 1040236
Core_0_L1I_total_miss: 0
Core_0_L2C_total_hit: 137044
Core_0_L2C_total_miss: 62182
Core_0_LLC_total_hit: 71182
Core_0_LLC_total_miss: 12484
