Core_0_IPC: 0.34071
Core_0_branch_prediction_accuracy: 95.17972
Core_0_L1D_total_hit: 1853631
Core_0_L1D_total_miss: 62933
Core_0_L1I_total_hit: 1303033
Core_0_L1I_total_miss: 38998
Core_0_L2C_total_hit: 840007
Core_0_L2C_total_miss: 121883
Core_0_LLC_total_hit: 107965
Core_0_LLC_total_miss: 54849
