Core_0_IPC: 0.51096
Core_0_branch_prediction_accuracy: 99.38729
Core_0_L1D_total_hit: 588666
Core_0_L1D_total_miss: 269072
Core_0_L1I_total_hit: 1199030
Core_0_L1I_total_miss: 0
Core_0_L2C_total_hit: 334334
Core_0_L2C_total_miss: 162962
Core_0_LLC_total_hit: 32007
Core_0_LLC_total_miss: 252887
