Core_0_IPC: 0.59989
Core_0_branch_prediction_accuracy: 99.38729
Core_0_L1D_total_hit: 549090
Core_0_L1D_total_miss: 269066
Core_0_L1I_total_hit: 1194197
Core_0_L1I_total_miss: 0
Core_0_L2C_total_hit: 556274
Core_0_L2C_total_miss: 162999
Core_0_LLC_total_hit: 131240
Core_0_LLC_total_miss: 162971
