Core_0_IPC: 0.61191
Core_0_branch_prediction_accuracy: 99.38729
Core_0_L1D_total_hit: 582973
Core_0_L1D_total_miss: 269064
Core_0_L1I_total_hit: 1129440
Core_0_L1I_total_miss: 0
Core_0_L2C_total_hit: 345337
Core_0_L2C_total_miss: 162954
Core_0_LLC_total_hit: 42358
Core_0_LLC_total_miss: 253997
