Core_0_IPC: 0.60316
Core_0_branch_prediction_accuracy: 99.38729
Core_0_L1D_total_hit: 578455
Core_0_L1D_total_miss: 269062
Core_0_L1I_total_hit: 1186553
Core_0_L1I_total_miss: 0
Core_0_L2C_total_hit: 416526
Core_0_L2C_total_miss: 162955
Core_0_LLC_total_hit: 101405
Core_0_LLC_total_miss: 183465
