Core_0_IPC: 0.25424
Core_0_branch_prediction_accuracy: 96.45216
Core_0_L1D_total_hit: 1778196
Core_0_L1D_total_miss: 130843
Core_0_L1I_total_hit: 1517447
Core_0_L1I_total_miss: 908
Core_0_L2C_total_hit: 102958
Core_0_L2C_total_miss: 99105
Core_0_LLC_total_hit: 69626
Core_0_LLC_total_miss: 145672
