Core_0_IPC: 1.03765
Core_0_branch_prediction_accuracy: 97.75262
Core_0_L1D_total_hit: 709973
Core_0_L1D_total_miss: 85066
Core_0_L1I_total_hit: 1199471
Core_0_L1I_total_miss: 262
Core_0_L2C_total_hit: 590476
Core_0_L2C_total_miss: 124403
Core_0_LLC_total_hit: 55157
Core_0_LLC_total_miss: 102352
