Core_0_IPC: 0.25702
Core_0_branch_prediction_accuracy: 96.45216
Core_0_L1D_total_hit: 1779229
Core_0_L1D_total_miss: 130844
Core_0_L1I_total_hit: 1518730
Core_0_L1I_total_miss: 907
Core_0_L2C_total_hit: 103039
Core_0_L2C_total_miss: 99106
Core_0_LLC_total_hit: 87821
Core_0_LLC_total_miss: 127693
