Core_0_IPC: 0.06344
Core_0_branch_prediction_accuracy: 92.86808
Core_0_L1D_total_hit: 245241
Core_0_L1D_total_miss: 856960
Core_0_L1I_total_hit: 956497
Core_0_L1I_total_miss: 3
Core_0_L2C_total_hit: 324058
Core_0_L2C_total_miss: 562023
Core_0_LLC_total_hit: 238336
Core_0_LLC_total_miss: 344735
