Core_0_IPC: 0.11529
Core_0_branch_prediction_accuracy: 92.86808
Core_0_L1D_total_hit: 248738
Core_0_L1D_total_miss: 856880
Core_0_L1I_total_hit: 946737
Core_0_L1I_total_miss: 3
Core_0_L2C_total_hit: 1978014
Core_0_L2C_total_miss: 1503243
Core_0_LLC_total_hit: 848822
Core_0_LLC_total_miss: 679650
