Core_0_IPC: 0.52689
Core_0_branch_prediction_accuracy: 99.38729
Core_0_L1D_total_hit: 582730
Core_0_L1D_total_miss: 269068
Core_0_L1I_total_hit: 1134936
Core_0_L1I_total_miss: 0
Core_0_L2C_total_hit: 345552
Core_0_L2C_total_miss: 162965
Core_0_LLC_total_hit: 131773
Core_0_LLC_total_miss: 164614
