Core_0_IPC: 0.06004
Core_0_branch_prediction_accuracy: 92.86808
Core_0_L1D_total_hit: 245182
Core_0_L1D_total_miss: 856971
Core_0_L1I_total_hit: 955401
Core_0_L1I_total_miss: 3
Core_0_L2C_total_hit: 323322
Core_0_L2C_total_miss: 562323
Core_0_LLC_total_hit: 210709
Core_0_LLC_total_miss: 372734
