Core_0_IPC: 0.31940
Core_0_branch_prediction_accuracy: 95.17972
Core_0_L1D_total_hit: 1851222
Core_0_L1D_total_miss: 62935
Core_0_L1I_total_hit: 1303825
Core_0_L1I_total_miss: 39001
Core_0_L2C_total_hit: 100546
Core_0_L2C_total_miss: 18429
Core_0_LLC_total_hit: 8328
Core_0_LLC_total_miss: 14318
