Core_0_IPC: 0.34169
Core_0_branch_prediction_accuracy: 95.17972
Core_0_L1D_total_hit: 1853746
Core_0_L1D_total_miss: 62934
Core_0_L1I_total_hit: 1302978
Core_0_L1I_total_miss: 38997
Core_0_L2C_total_hit: 601051
Core_0_L2C_total_miss: 102835
Core_0_LLC_total_hit: 94000
Core_0_LLC_total_miss: 40906
