Core_0_IPC: 0.24228
Core_0_branch_prediction_accuracy: 96.45216
Core_0_L1D_total_hit: 1773010
Core_0_L1D_total_miss: 130844
Core_0_L1I_total_hit: 1510582
Core_0_L1I_total_miss: 907
Core_0_L2C_total_hit: 100186
Core_0_L2C_total_miss: 96410
Core_0_LLC_total_hit: 50200
Core_0_LLC_total_miss: 91749
