Core_0_IPC: 0.26484
Core_0_branch_prediction_accuracy: 75.52897
Core_0_L1D_total_hit: 1204353
Core_0_L1D_total_miss: 144824
Core_0_L1I_total_hit: 1040237
Core_0_L1I_total_miss: 0
Core_0_L2C_total_hit: 129776
Core_0_L2C_total_miss: 65030
Core_0_LLC_total_hit: 129178
Core_0_LLC_total_miss: 15098
