Core_0_IPC: 0.26410
Core_0_branch_prediction_accuracy: 96.45216
Core_0_L1D_total_hit: 1783755
Core_0_L1D_total_miss: 130844
Core_0_L1I_total_hit: 1519275
Core_0_L1I_total_miss: 910
Core_0_L2C_total_hit: 528854
Core_0_L2C_total_miss: 389794
Core_0_LLC_total_hit: 149993
Core_0_LLC_total_miss: 362656
