Core_0_IPC: 0.07419
Core_0_branch_prediction_accuracy: 92.86808
Core_0_L1D_total_hit: 247057
Core_0_L1D_total_miss: 856935
Core_0_L1I_total_hit: 950586
Core_0_L1I_total_miss: 3
Core_0_L2C_total_hit: 324585
Core_0_L2C_total_miss: 562409
Core_0_LLC_total_hit: 452365
Core_0_LLC_total_miss: 675677
