Core_0_IPC: 0.25483
Core_0_branch_prediction_accuracy: 96.45216
Core_0_L1D_total_hit: 1781955
Core_0_L1D_total_miss: 130851
Core_0_L1I_total_hit: 1516075
Core_0_L1I_total_miss: 907
Core_0_L2C_total_hit: 151043
Core_0_L2C_total_miss: 140222
Core_0_LLC_total_hit: 35204
Core_0_LLC_total_miss: 152905
