Core_0_IPC: 0.24514
Core_0_branch_prediction_accuracy: 96.45216
Core_0_L1D_total_hit: 1774359
Core_0_L1D_total_miss: 130843
Core_0_L1I_total_hit: 1513724
Core_0_L1I_total_miss: 908
Core_0_L2C_total_hit: 102953
Core_0_L2C_total_miss: 99071
Core_0_LLC_total_hit: 59039
Core_0_LLC_total_miss: 85676
