Core_0_IPC: 1.02308
Core_0_branch_prediction_accuracy: 97.75262
Core_0_L1D_total_hit: 708344
Core_0_L1D_total_miss: 85058
Core_0_L1I_total_hit: 1199630
Core_0_L1I_total_miss: 262
Core_0_L2C_total_hit: 623454
Core_0_L2C_total_miss: 129172
Core_0_LLC_total_hit: 45080
Core_0_LLC_total_miss: 119486
