Core_0_IPC: 0.26060
Core_0_branch_prediction_accuracy: 75.52897
Core_0_L1D_total_hit: 1204288
Core_0_L1D_total_miss: 144826
Core_0_L1I_total_hit: 1040182
Core_0_L1I_total_miss: 0
Core_0_L2C_total_hit: 176920
Core_0_L2C_total_miss: 149057
Core_0_LLC_total_hit: 240167
Core_0_LLC_total_miss: 19236
