Core_0_IPC: 0.34142
Core_0_branch_prediction_accuracy: 95.17972
Core_0_L1D_total_hit: 1853845
Core_0_L1D_total_miss: 62933
Core_0_L1I_total_hit: 1303143
Core_0_L1I_total_miss: 38997
Core_0_L2C_total_hit: 601649
Core_0_L2C_total_miss: 100970
Core_0_LLC_total_hit: 84701
Core_0_LLC_total_miss: 47209
