Core_0_IPC: 0.57594
Core_0_branch_prediction_accuracy: 99.38729
Core_0_L1D_total_hit: 564875
Core_0_L1D_total_miss: 269066
Core_0_L1I_total_hit: 1140243
Core_0_L1I_total_miss: 0
Core_0_L2C_total_hit: 413756
Core_0_L2C_total_miss: 162933
Core_0_LLC_total_hit: 112214
Core_0_LLC_total_miss: 210460
