Core_0_IPC: 0.07430
Core_0_branch_prediction_accuracy: 92.86808
Core_0_L1D_total_hit: 247924
Core_0_L1D_total_miss: 856903
Core_0_L1I_total_hit: 948198
Core_0_L1I_total_miss: 3
Core_0_L2C_total_hit: 324565
Core_0_L2C_total_miss: 562417
Core_0_LLC_total_hit: 457778
Core_0_LLC_total_miss: 669259
