Core_0_IPC: 0.26400
Core_0_branch_prediction_accuracy: 75.52897
Core_0_L1D_total_hit: 1204342
Core_0_L1D_total_miss: 144828
Core_0_L1I_total_hit: 1040186
Core_0_L1I_total_miss: 0
Core_0_L2C_total_hit: 198327
Core_0_L2C_total_miss: 128003
Core_0_LLC_total_hit: 136841
Core_0_LLC_total_miss: 17026
