Core_0_IPC: 0.08660
Core_0_branch_prediction_accuracy: 92.86808
Core_0_L1D_total_hit: 249586
Core_0_L1D_total_miss: 856891
Core_0_L1I_total_hit: 946076
Core_0_L1I_total_miss: 3
Core_0_L2C_total_hit: 794388
Core_0_L2C_total_miss: 921626
Core_0_LLC_total_hit: 830256
Core_0_LLC_total_miss: 723442
