Core_0_IPC: 0.33415
Core_0_branch_prediction_accuracy: 95.17972
Core_0_L1D_total_hit: 1853424
Core_0_L1D_total_miss: 62933
Core_0_L1I_total_hit: 1302494
Core_0_L1I_total_miss: 38997
Core_0_L2C_total_hit: 828462
Core_0_L2C_total_miss: 123157
Core_0_LLC_total_hit: 99813
Core_0_LLC_total_miss: 63093
