Core_0_IPC: 1.00821
Core_0_branch_prediction_accuracy: 97.75262
Core_0_L1D_total_hit: 708644
Core_0_L1D_total_miss: 85063
Core_0_L1I_total_hit: 1199572
Core_0_L1I_total_miss: 262
Core_0_L2C_total_hit: 591503
Core_0_L2C_total_miss: 117760
Core_0_LLC_total_hit: 11978
Core_0_LLC_total_miss: 111169
