Core_0_IPC: 0.53480
Core_0_branch_prediction_accuracy: 99.38729
Core_0_L1D_total_hit: 583716
Core_0_L1D_total_miss: 269068
Core_0_L1I_total_hit: 1126618
Core_0_L1I_total_miss: 0
Core_0_L2C_total_hit: 376977
Core_0_L2C_total_miss: 162955
Core_0_LLC_total_hit: 30466
Core_0_LLC_total_miss: 255679
