Core_0_IPC: 0.33152
Core_0_branch_prediction_accuracy: 95.17972
Core_0_L1D_total_hit: 1852275
Core_0_L1D_total_miss: 62938
Core_0_L1I_total_hit: 1304328
Core_0_L1I_total_miss: 39000
Core_0_L2C_total_hit: 184340
Core_0_L2C_total_miss: 27152
Core_0_LLC_total_hit: 14828
Core_0_LLC_total_miss: 17489
