Core_0_IPC: 0.25330
Core_0_branch_prediction_accuracy: 96.45216
Core_0_L1D_total_hit: 1783720
Core_0_L1D_total_miss: 130847
Core_0_L1I_total_hit: 1520390
Core_0_L1I_total_miss: 907
Core_0_L2C_total_hit: 150781
Core_0_L2C_total_miss: 140230
Core_0_LLC_total_hit: 35671
Core_0_LLC_total_miss: 152446
