Core_0_IPC: 0.26349
Core_0_branch_prediction_accuracy: 75.52897
Core_0_L1D_total_hit: 1204290
Core_0_L1D_total_miss: 144828
Core_0_L1I_total_hit: 1040184
Core_0_L1I_total_miss: 0
Core_0_L2C_total_hit: 179313
Core_0_L2C_total_miss: 146744
Core_0_LLC_total_hit: 160289
Core_0_LLC_total_miss: 14378
