Core_0_IPC: 0.06265
Core_0_branch_prediction_accuracy: 92.86808
Core_0_L1D_total_hit: 245358
Core_0_L1D_total_miss: 856958
Core_0_L1I_total_hit: 956619
Core_0_L1I_total_miss: 3
Core_0_L2C_total_hit: 324052
Core_0_L2C_total_miss: 562027
Core_0_LLC_total_hit: 238794
Core_0_LLC_total_miss: 344281
