Core_0_IPC: 0.38086
Core_0_branch_prediction_accuracy: 95.06470
Core_0_L1D_total_hit: 1778865
Core_0_L1D_total_miss: 40021
Core_0_L1I_total_hit: 1400696
Core_0_L1I_total_miss: 34563
Core_0_L2C_total_hit: 628351
Core_0_L2C_total_miss: 93443
Core_0_LLC_total_hit: 73950
Core_0_LLC_total_miss: 47524
