Core_0_IPC: 0.26235
Core_0_branch_prediction_accuracy: 96.45216
Core_0_L1D_total_hit: 1788408
Core_0_L1D_total_miss: 130845
Core_0_L1I_total_hit: 1526853
Core_0_L1I_total_miss: 908
Core_0_L2C_total_hit: 150281
Core_0_L2C_total_miss: 140225
Core_0_LLC_total_hit: 100788
Core_0_LLC_total_miss: 146497
