Core_0_IPC: 0.88268
Core_0_branch_prediction_accuracy: 97.75262
Core_0_L1D_total_hit: 694489
Core_0_L1D_total_miss: 85065
Core_0_L1I_total_hit: 1208090
Core_0_L1I_total_miss: 262
Core_0_L2C_total_hit: 77144
Core_0_L2C_total_miss: 77934
Core_0_LLC_total_hit: 36462
Core_0_LLC_total_miss: 78180
