Core_0_IPC: 0.33952
Core_0_branch_prediction_accuracy: 95.17972
Core_0_L1D_total_hit: 1853648
Core_0_L1D_total_miss: 62936
Core_0_L1I_total_hit: 1302888
Core_0_L1I_total_miss: 38998
Core_0_L2C_total_hit: 827387
Core_0_L2C_total_miss: 122117
Core_0_LLC_total_hit: 111975
Core_0_LLC_total_miss: 50672
