Core_0_IPC: 0.07420
Core_0_branch_prediction_accuracy: 92.86808
Core_0_L1D_total_hit: 247023
Core_0_L1D_total_miss: 856935
Core_0_L1I_total_hit: 950580
Core_0_L1I_total_miss: 3
Core_0_L2C_total_hit: 323966
Core_0_L2C_total_miss: 561645
Core_0_LLC_total_hit: 452387
Core_0_LLC_total_miss: 674558
