Core_0_IPC: 1.03476
Core_0_branch_prediction_accuracy: 97.75262
Core_0_L1D_total_hit: 708302
Core_0_L1D_total_miss: 85063
Core_0_L1I_total_hit: 1199904
Core_0_L1I_total_miss: 262
Core_0_L2C_total_hit: 631045
Core_0_L2C_total_miss: 122767
Core_0_LLC_total_hit: 38253
Core_0_LLC_total_miss: 117484
