Core_0_IPC: 0.25662
Core_0_branch_prediction_accuracy: 75.52897
Core_0_L1D_total_hit: 1204303
Core_0_L1D_total_miss: 144824
Core_0_L1I_total_hit: 1040240
Core_0_L1I_total_miss: 0
Core_0_L2C_total_hit: 125267
Core_0_L2C_total_miss: 69539
Core_0_LLC_total_hit: 79860
Core_0_LLC_total_miss: 12090
