Core_0_IPC: 0.26287
Core_0_branch_prediction_accuracy: 75.52897
Core_0_L1D_total_hit: 1204359
Core_0_L1D_total_miss: 144824
Core_0_L1I_total_hit: 1040253
Core_0_L1I_total_miss: 0
Core_0_L2C_total_hit: 125456
Core_0_L2C_total_miss: 73769
Core_0_LLC_total_hit: 146895
Core_0_LLC_total_miss: 16270
