Core_0_IPC: 0.07432
Core_0_branch_prediction_accuracy: 92.86808
Core_0_L1D_total_hit: 247926
Core_0_L1D_total_miss: 856906
Core_0_L1I_total_hit: 948235
Core_0_L1I_total_miss: 3
Core_0_L2C_total_hit: 324154
Core_0_L2C_total_miss: 561875
Core_0_LLC_total_hit: 458242
Core_0_LLC_total_miss: 667980
