Core_0_IPC: 0.25546
Core_0_branch_prediction_accuracy: 96.45216
Core_0_L1D_total_hit: 1778570
Core_0_L1D_total_miss: 130845
Core_0_L1I_total_hit: 1518019
Core_0_L1I_total_miss: 907
Core_0_L2C_total_hit: 97895
Core_0_L2C_total_miss: 94865
Core_0_LLC_total_hit: 91053
Core_0_LLC_total_miss: 117065
