Core_0_IPC: 0.37934
Core_0_branch_prediction_accuracy: 95.06470
Core_0_L1D_total_hit: 1778918
Core_0_L1D_total_miss: 40021
Core_0_L1I_total_hit: 1400809
Core_0_L1I_total_miss: 34562
Core_0_L2C_total_hit: 483995
Core_0_L2C_total_miss: 82590
Core_0_LLC_total_hit: 45486
Core_0_LLC_total_miss: 41450
