Core_0_IPC: 0.06426
Core_0_branch_prediction_accuracy: 92.86808
Core_0_L1D_total_hit: 245249
Core_0_L1D_total_miss: 856961
Core_0_L1I_total_hit: 956632
Core_0_L1I_total_miss: 3
Core_0_L2C_total_hit: 323231
Core_0_L2C_total_miss: 562405
Core_0_LLC_total_hit: 248703
Core_0_LLC_total_miss: 334894
