Core_0_IPC: 0.68914
Core_0_branch_prediction_accuracy: 99.38729
Core_0_L1D_total_hit: 560605
Core_0_L1D_total_miss: 269062
Core_0_L1I_total_hit: 1191597
Core_0_L1I_total_miss: 0
Core_0_L2C_total_hit: 526595
Core_0_L2C_total_miss: 162993
Core_0_LLC_total_hit: 31847
Core_0_LLC_total_miss: 252956
