Core_0_IPC: 0.35288
Core_0_branch_prediction_accuracy: 95.06470
Core_0_L1D_total_hit: 1778916
Core_0_L1D_total_miss: 40021
Core_0_L1I_total_hit: 1400657
Core_0_L1I_total_miss: 34562
Core_0_L2C_total_hit: 73729
Core_0_L2C_total_miss: 14570
Core_0_LLC_total_hit: 2278
Core_0_LLC_total_miss: 13740
