Core_0_IPC: 0.12141
Core_0_branch_prediction_accuracy: 92.86808
Core_0_L1D_total_hit: 248704
Core_0_L1D_total_miss: 856861
Core_0_L1I_total_hit: 945975
Core_0_L1I_total_miss: 3
Core_0_L2C_total_hit: 793928
Core_0_L2C_total_miss: 918401
Core_0_LLC_total_hit: 520574
Core_0_LLC_total_miss: 420210
