Core_0_IPC: 0.10014
Core_0_branch_prediction_accuracy: 92.86808
Core_0_L1D_total_hit: 249192
Core_0_L1D_total_miss: 856902
Core_0_L1I_total_hit: 947123
Core_0_L1I_total_miss: 3
Core_0_L2C_total_hit: 1970773
Core_0_L2C_total_miss: 1544588
Core_0_LLC_total_hit: 874223
Core_0_LLC_total_miss: 695850
