Core_0_IPC: 0.38030
Core_0_branch_prediction_accuracy: 95.06470
Core_0_L1D_total_hit: 1778676
Core_0_L1D_total_miss: 40021
Core_0_L1I_total_hit: 1400774
Core_0_L1I_total_miss: 34563
Core_0_L2C_total_hit: 625992
Core_0_L2C_total_miss: 94068
Core_0_LLC_total_hit: 77433
Core_0_LLC_total_miss: 45615
