Core_0_IPC: 0.33106
Core_0_branch_prediction_accuracy: 95.17972
Core_0_L1D_total_hit: 1852055
Core_0_L1D_total_miss: 62935
Core_0_L1I_total_hit: 1304337
Core_0_L1I_total_miss: 39001
Core_0_L2C_total_hit: 105424
Core_0_L2C_total_miss: 19022
Core_0_LLC_total_hit: 20670
Core_0_LLC_total_miss: 17734
