Core_0_IPC: 0.35411
Core_0_branch_prediction_accuracy: 95.06470
Core_0_L1D_total_hit: 1778969
Core_0_L1D_total_miss: 40021
Core_0_L1I_total_hit: 1400606
Core_0_L1I_total_miss: 34563
Core_0_L2C_total_hit: 80732
Core_0_L2C_total_miss: 15371
Core_0_LLC_total_hit: 2488
Core_0_LLC_total_miss: 14416
