Core_0_IPC: 0.32956
Core_0_branch_prediction_accuracy: 95.17972
Core_0_L1D_total_hit: 1851969
Core_0_L1D_total_miss: 62935
Core_0_L1I_total_hit: 1304215
Core_0_L1I_total_miss: 39000
Core_0_L2C_total_hit: 116334
Core_0_L2C_total_miss: 20513
Core_0_LLC_total_hit: 19341
Core_0_LLC_total_miss: 21153
