Core_0_IPC: 0.25668
Core_0_branch_prediction_accuracy: 75.52897
Core_0_L1D_total_hit: 1204348
Core_0_L1D_total_miss: 144824
Core_0_L1I_total_hit: 1040244
Core_0_L1I_total_miss: 0
Core_0_L2C_total_hit: 134220
Core_0_L2C_total_miss: 58952
Core_0_LLC_total_hit: 65031
Core_0_LLC_total_miss: 14404
