Core_0_IPC: 0.46767
Core_0_branch_prediction_accuracy: 99.38729
Core_0_L1D_total_hit: 578081
Core_0_L1D_total_miss: 269068
Core_0_L1I_total_hit: 1121845
Core_0_L1I_total_miss: 0
Core_0_L2C_total_hit: 334327
Core_0_L2C_total_miss: 162959
Core_0_LLC_total_hit: 104503
Core_0_LLC_total_miss: 195731
