Core_0_IPC: 0.24632
Core_0_branch_prediction_accuracy: 96.45216
Core_0_L1D_total_hit: 1780445
Core_0_L1D_total_miss: 130844
Core_0_L1I_total_hit: 1516497
Core_0_L1I_total_miss: 908
Core_0_L2C_total_hit: 538271
Core_0_L2C_total_miss: 392692
Core_0_LLC_total_hit: 62349
Core_0_LLC_total_miss: 450307
