Core_0_IPC: 0.35108
Core_0_branch_prediction_accuracy: 95.06470
Core_0_L1D_total_hit: 1778921
Core_0_L1D_total_miss: 40021
Core_0_L1I_total_hit: 1400660
Core_0_L1I_total_miss: 34563
Core_0_L2C_total_hit: 70463
Core_0_L2C_total_miss: 14261
Core_0_LLC_total_hit: 2229
Core_0_LLC_total_miss: 13464
