Core_0_IPC: 0.95998
Core_0_branch_prediction_accuracy: 97.75262
Core_0_L1D_total_hit: 701644
Core_0_L1D_total_miss: 85064
Core_0_L1I_total_hit: 1203745
Core_0_L1I_total_miss: 262
Core_0_L2C_total_hit: 78234
Core_0_L2C_total_miss: 81356
Core_0_LLC_total_hit: 69308
Core_0_LLC_total_miss: 59358
