Core_0_IPC: 0.32876
Core_0_branch_prediction_accuracy: 95.17972
Core_0_L1D_total_hit: 1852007
Core_0_L1D_total_miss: 62936
Core_0_L1I_total_hit: 1304276
Core_0_L1I_total_miss: 39001
Core_0_L2C_total_hit: 105230
Core_0_L2C_total_miss: 19226
Core_0_LLC_total_hit: 18537
Core_0_LLC_total_miss: 20182
