Core_0_IPC: 0.26242
Core_0_branch_prediction_accuracy: 75.52897
Core_0_L1D_total_hit: 1204255
Core_0_L1D_total_miss: 144824
Core_0_L1I_total_hit: 1040249
Core_0_L1I_total_miss: 0
Core_0_L2C_total_hit: 117606
Core_0_L2C_total_miss: 75566
Core_0_LLC_total_hit: 153014
Core_0_LLC_total_miss: 14918
