Core_0_IPC: 0.37884
Core_0_branch_prediction_accuracy: 95.06470
Core_0_L1D_total_hit: 1778638
Core_0_L1D_total_miss: 40021
Core_0_L1I_total_hit: 1400725
Core_0_L1I_total_miss: 34563
Core_0_L2C_total_hit: 625792
Core_0_L2C_total_miss: 94123
Core_0_LLC_total_hit: 73004
Core_0_LLC_total_miss: 49847
