Core_0_IPC: 0.25517
Core_0_branch_prediction_accuracy: 96.45216
Core_0_L1D_total_hit: 1782876
Core_0_L1D_total_miss: 130842
Core_0_L1I_total_hit: 1523298
Core_0_L1I_total_miss: 910
Core_0_L2C_total_hit: 345953
Core_0_L2C_total_miss: 306386
Core_0_LLC_total_hit: 61360
Core_0_LLC_total_miss: 294203
