Core_0_IPC: 0.25643
Core_0_branch_prediction_accuracy: 96.45216
Core_0_L1D_total_hit: 1778782
Core_0_L1D_total_miss: 130845
Core_0_L1I_total_hit: 1519004
Core_0_L1I_total_miss: 908
Core_0_L2C_total_hit: 97862
Core_0_L2C_total_miss: 94898
Core_0_LLC_total_hit: 83164
Core_0_LLC_total_miss: 124765
