Core_0_IPC: 0.07406
Core_0_branch_prediction_accuracy: 92.86808
Core_0_L1D_total_hit: 246933
Core_0_L1D_total_miss: 856907
Core_0_L1I_total_hit: 950833
Core_0_L1I_total_miss: 3
Core_0_L2C_total_hit: 324224
Core_0_L2C_total_miss: 562745
Core_0_LLC_total_hit: 451867
Core_0_LLC_total_miss: 676735
