Core_0_IPC: 0.06024
Core_0_branch_prediction_accuracy: 92.86808
Core_0_L1D_total_hit: 245277
Core_0_L1D_total_miss: 856969
Core_0_L1I_total_hit: 955589
Core_0_L1I_total_miss: 3
Core_0_L2C_total_hit: 324477
Core_0_L2C_total_miss: 562561
Core_0_LLC_total_hit: 212232
Core_0_LLC_total_miss: 371364
