Core_0_IPC: 0.37146
Core_0_branch_prediction_accuracy: 95.06470
Core_0_L1D_total_hit: 1779591
Core_0_L1D_total_miss: 40020
Core_0_L1I_total_hit: 1400904
Core_0_L1I_total_miss: 34563
Core_0_L2C_total_hit: 132652
Core_0_L2C_total_miss: 20667
Core_0_LLC_total_hit: 13661
Core_0_LLC_total_miss: 20379
