Core_0_IPC: 0.05802
Core_0_branch_prediction_accuracy: 92.86808
Core_0_L1D_total_hit: 245302
Core_0_L1D_total_miss: 856964
Core_0_L1I_total_hit: 954554
Core_0_L1I_total_miss: 3
Core_0_L2C_total_hit: 324473
Core_0_L2C_total_miss: 562561
Core_0_LLC_total_hit: 178570
Core_0_LLC_total_miss: 405026
