Core_0_IPC: 0.33534
Core_0_branch_prediction_accuracy: 95.17972
Core_0_L1D_total_hit: 1852498
Core_0_L1D_total_miss: 62937
Core_0_L1I_total_hit: 1303905
Core_0_L1I_total_miss: 39001
Core_0_L2C_total_hit: 184732
Core_0_L2C_total_miss: 26952
Core_0_LLC_total_hit: 27562
Core_0_LLC_total_miss: 20067
