Core_0_IPC: 0.24342
Core_0_branch_prediction_accuracy: 96.45216
Core_0_L1D_total_hit: 1771940
Core_0_L1D_total_miss: 130846
Core_0_L1I_total_hit: 1509012
Core_0_L1I_total_miss: 908
Core_0_L2C_total_hit: 97987
Core_0_L2C_total_miss: 94733
Core_0_LLC_total_hit: 34119
Core_0_LLC_total_miss: 106054
