Core_0_IPC: 0.36601
Core_0_branch_prediction_accuracy: 95.06470
Core_0_L1D_total_hit: 1779438
Core_0_L1D_total_miss: 40020
Core_0_L1I_total_hit: 1400885
Core_0_L1I_total_miss: 34563
Core_0_L2C_total_hit: 132612
Core_0_L2C_total_miss: 20490
Core_0_LLC_total_hit: 4968
Core_0_LLC_total_miss: 17653
