Core_0_IPC: 0.07565
Core_0_branch_prediction_accuracy: 92.86808
Core_0_L1D_total_hit: 249708
Core_0_L1D_total_miss: 856869
Core_0_L1I_total_hit: 947491
Core_0_L1I_total_miss: 3
Core_0_L2C_total_hit: 1503423
Core_0_L2C_total_miss: 4732699
Core_0_LLC_total_hit: 2751187
Core_0_LLC_total_miss: 2006704
