Core_0_IPC: 0.08672
Core_0_branch_prediction_accuracy: 92.86808
Core_0_L1D_total_hit: 249510
Core_0_L1D_total_miss: 856879
Core_0_L1I_total_hit: 946369
Core_0_L1I_total_miss: 3
Core_0_L2C_total_hit: 794866
Core_0_L2C_total_miss: 921101
Core_0_LLC_total_hit: 344112
Core_0_LLC_total_miss: 599188
