Core_0_IPC: 0.53498
Core_0_branch_prediction_accuracy: 99.38729
Core_0_L1D_total_hit: 583783
Core_0_L1D_total_miss: 269070
Core_0_L1I_total_hit: 1126915
Core_0_L1I_total_miss: 0
Core_0_L2C_total_hit: 377085
Core_0_L2C_total_miss: 162958
Core_0_LLC_total_hit: 32516
Core_0_LLC_total_miss: 254179
