Core_0_IPC: 0.07165
Core_0_branch_prediction_accuracy: 92.86808
Core_0_L1D_total_hit: 249952
Core_0_L1D_total_miss: 856906
Core_0_L1I_total_hit: 947353
Core_0_L1I_total_miss: 3
Core_0_L2C_total_hit: 1502073
Core_0_L2C_total_miss: 4782861
Core_0_LLC_total_hit: 3702489
Core_0_LLC_total_miss: 2495622
