Core_0_IPC: 0.35257
Core_0_branch_prediction_accuracy: 95.06470
Core_0_L1D_total_hit: 1778872
Core_0_L1D_total_miss: 40021
Core_0_L1I_total_hit: 1400644
Core_0_L1I_total_miss: 34563
Core_0_L2C_total_hit: 73680
Core_0_L2C_total_miss: 14617
Core_0_LLC_total_hit: 2342
Core_0_LLC_total_miss: 13760
