Core_0_IPC: 0.52852
Core_0_branch_prediction_accuracy: 99.38729
Core_0_L1D_total_hit: 582368
Core_0_L1D_total_miss: 269072
Core_0_L1I_total_hit: 1125696
Core_0_L1I_total_miss: 0
Core_0_L2C_total_hit: 349574
Core_0_L2C_total_miss: 162968
Core_0_LLC_total_hit: 32064
Core_0_LLC_total_miss: 253267
