Core_0_IPC: 0.07566
Core_0_branch_prediction_accuracy: 92.86808
Core_0_L1D_total_hit: 246599
Core_0_L1D_total_miss: 856938
Core_0_L1I_total_hit: 952136
Core_0_L1I_total_miss: 3
Core_0_L2C_total_hit: 324265
Core_0_L2C_total_miss: 561794
Core_0_LLC_total_hit: 447266
Core_0_LLC_total_miss: 678959
