Core_0_IPC: 0.33511
Core_0_branch_prediction_accuracy: 95.17972
Core_0_L1D_total_hit: 1853462
Core_0_L1D_total_miss: 62936
Core_0_L1I_total_hit: 1302674
Core_0_L1I_total_miss: 38998
Core_0_L2C_total_hit: 825407
Core_0_L2C_total_miss: 122152
Core_0_LLC_total_hit: 73806
Core_0_LLC_total_miss: 56370
