Core_0_IPC: 0.24919
Core_0_branch_prediction_accuracy: 96.45216
Core_0_L1D_total_hit: 1781879
Core_0_L1D_total_miss: 130843
Core_0_L1I_total_hit: 1521275
Core_0_L1I_total_miss: 909
Core_0_L2C_total_hit: 348456
Core_0_L2C_total_miss: 304903
Core_0_LLC_total_hit: 34488
Core_0_LLC_total_miss: 318858
