Core_0_IPC: 0.57326
Core_0_branch_prediction_accuracy: 99.38729
Core_0_L1D_total_hit: 563705
Core_0_L1D_total_miss: 269058
Core_0_L1I_total_hit: 1142559
Core_0_L1I_total_miss: 0
Core_0_L2C_total_hit: 414011
Core_0_L2C_total_miss: 162928
Core_0_LLC_total_hit: 137735
Core_0_LLC_total_miss: 185106
