Core_0_IPC: 0.07111
Core_0_branch_prediction_accuracy: 92.86808
Core_0_L1D_total_hit: 249981
Core_0_L1D_total_miss: 856854
Core_0_L1I_total_hit: 947579
Core_0_L1I_total_miss: 3
Core_0_L2C_total_hit: 1507055
Core_0_L2C_total_miss: 4771140
Core_0_LLC_total_hit: 3666732
Core_0_LLC_total_miss: 2480475
