Core_0_IPC: 0.87636
Core_0_branch_prediction_accuracy: 97.75262
Core_0_L1D_total_hit: 696752
Core_0_L1D_total_miss: 85066
Core_0_L1I_total_hit: 1208504
Core_0_L1I_total_miss: 262
Core_0_L2C_total_hit: 74173
Core_0_L2C_total_miss: 81137
Core_0_LLC_total_hit: 30650
Core_0_LLC_total_miss: 55796
