Core_0_IPC: 0.34014
Core_0_branch_prediction_accuracy: 95.17972
Core_0_L1D_total_hit: 1853762
Core_0_L1D_total_miss: 62935
Core_0_L1I_total_hit: 1303290
Core_0_L1I_total_miss: 39000
Core_0_L2C_total_hit: 607878
Core_0_L2C_total_miss: 100365
Core_0_LLC_total_hit: 61710
Core_0_LLC_total_miss: 46060
