Core_0_IPC: 0.89507
Core_0_branch_prediction_accuracy: 97.75262
Core_0_L1D_total_hit: 704521
Core_0_L1D_total_miss: 85061
Core_0_L1I_total_hit: 1203150
Core_0_L1I_total_miss: 262
Core_0_L2C_total_hit: 368896
Core_0_L2C_total_miss: 95930
Core_0_LLC_total_hit: 13946
Core_0_LLC_total_miss: 87608
