Core_0_IPC: 0.47392
Core_0_branch_prediction_accuracy: 99.38729
Core_0_L1D_total_hit: 582997
Core_0_L1D_total_miss: 269071
Core_0_L1I_total_hit: 1124679
Core_0_L1I_total_miss: 0
Core_0_L2C_total_hit: 416591
Core_0_L2C_total_miss: 162942
Core_0_LLC_total_hit: 92489
Core_0_LLC_total_miss: 196720
