Core_0_IPC: 0.25273
Core_0_branch_prediction_accuracy: 75.52897
Core_0_L1D_total_hit: 1203768
Core_0_L1D_total_miss: 144823
Core_0_L1I_total_hit: 1040210
Core_0_L1I_total_miss: 0
Core_0_L2C_total_hit: 370595
Core_0_L2C_total_miss: 497949
Core_0_LLC_total_hit: 484857
Core_0_LLC_total_miss: 47924
