Core_0_IPC: 0.68407
Core_0_branch_prediction_accuracy: 99.38729
Core_0_L1D_total_hit: 566372
Core_0_L1D_total_miss: 269066
Core_0_L1I_total_hit: 1189308
Core_0_L1I_total_miss: 0
Core_0_L2C_total_hit: 481428
Core_0_L2C_total_miss: 162989
Core_0_LLC_total_hit: 31977
Core_0_LLC_total_miss: 252943
