Core_0_IPC: 0.33933
Core_0_branch_prediction_accuracy: 95.17972
Core_0_L1D_total_hit: 1853496
Core_0_L1D_total_miss: 62934
Core_0_L1I_total_hit: 1302875
Core_0_L1I_total_miss: 38997
Core_0_L2C_total_hit: 828575
Core_0_L2C_total_miss: 122265
Core_0_LLC_total_hit: 88836
Core_0_LLC_total_miss: 41447
