Core_0_IPC: 1.01545
Core_0_branch_prediction_accuracy: 97.75262
Core_0_L1D_total_hit: 708876
Core_0_L1D_total_miss: 85063
Core_0_L1I_total_hit: 1199720
Core_0_L1I_total_miss: 262
Core_0_L2C_total_hit: 628668
Core_0_L2C_total_miss: 129223
Core_0_LLC_total_hit: 36188
Core_0_LLC_total_miss: 98563
