Core_0_IPC: 0.53070
Core_0_branch_prediction_accuracy: 99.38729
Core_0_L1D_total_hit: 582423
Core_0_L1D_total_miss: 269068
Core_0_L1I_total_hit: 1125239
Core_0_L1I_total_miss: 0
Core_0_L2C_total_hit: 349590
Core_0_L2C_total_miss: 162965
Core_0_LLC_total_hit: 31250
Core_0_LLC_total_miss: 253224
