Core_0_IPC: 0.54652
Core_0_branch_prediction_accuracy: 99.38729
Core_0_L1D_total_hit: 562600
Core_0_L1D_total_miss: 269062
Core_0_L1I_total_hit: 1141945
Core_0_L1I_total_miss: 0
Core_0_L2C_total_hit: 414330
Core_0_L2C_total_miss: 162932
Core_0_LLC_total_hit: 155456
Core_0_LLC_total_miss: 167815
