Core_0_IPC: 0.06348
Core_0_branch_prediction_accuracy: 92.86808
Core_0_L1D_total_hit: 245265
Core_0_L1D_total_miss: 856962
Core_0_L1I_total_hit: 956494
Core_0_L1I_total_miss: 3
Core_0_L2C_total_hit: 324467
Core_0_L2C_total_miss: 562564
Core_0_LLC_total_hit: 238844
Core_0_LLC_total_miss: 344755
