Core_0_IPC: 0.08209
Core_0_branch_prediction_accuracy: 92.86808
Core_0_L1D_total_hit: 248206
Core_0_L1D_total_miss: 856893
Core_0_L1I_total_hit: 946891
Core_0_L1I_total_miss: 3
Core_0_L2C_total_hit: 324557
Core_0_L2C_total_miss: 562377
Core_0_LLC_total_hit: 519358
Core_0_LLC_total_miss: 607810
