Core_0_IPC: 0.35106
Core_0_branch_prediction_accuracy: 95.06470
Core_0_L1D_total_hit: 1778932
Core_0_L1D_total_miss: 40021
Core_0_L1I_total_hit: 1400658
Core_0_L1I_total_miss: 34562
Core_0_L2C_total_hit: 70456
Core_0_L2C_total_miss: 14267
Core_0_LLC_total_hit: 2195
Core_0_LLC_total_miss: 13464
