Core_0_IPC: 0.46094
Core_0_branch_prediction_accuracy: 99.38729
Core_0_L1D_total_hit: 587311
Core_0_L1D_total_miss: 269070
Core_0_L1I_total_hit: 1193755
Core_0_L1I_total_miss: 0
Core_0_L2C_total_hit: 334329
Core_0_L2C_total_miss: 162962
Core_0_LLC_total_hit: 87361
Core_0_LLC_total_miss: 197533
