Core_0_IPC: 0.05676
Core_0_branch_prediction_accuracy: 92.86808
Core_0_L1D_total_hit: 245399
Core_0_L1D_total_miss: 856963
Core_0_L1I_total_hit: 953323
Core_0_L1I_total_miss: 3
Core_0_L2C_total_hit: 323803
Core_0_L2C_total_miss: 562278
Core_0_LLC_total_hit: 139793
Core_0_LLC_total_miss: 443531
