Core_0_IPC: 0.77221
Core_0_branch_prediction_accuracy: 97.75262
Core_0_L1D_total_hit: 659491
Core_0_L1D_total_miss: 85070
Core_0_L1I_total_hit: 1223989
Core_0_L1I_total_miss: 262
Core_0_L2C_total_hit: 21737
Core_0_L2C_total_miss: 69479
Core_0_LLC_total_hit: 54221
Core_0_LLC_total_miss: 70736
