Core_0_IPC: 0.37137
Core_0_branch_prediction_accuracy: 95.06470
Core_0_L1D_total_hit: 1779629
Core_0_L1D_total_miss: 40020
Core_0_L1I_total_hit: 1400899
Core_0_L1I_total_miss: 34563
Core_0_L2C_total_hit: 132990
Core_0_L2C_total_miss: 20346
Core_0_LLC_total_hit: 13131
Core_0_LLC_total_miss: 20415
