Core_0_IPC: 0.82031
Core_0_branch_prediction_accuracy: 97.75262
Core_0_L1D_total_hit: 689797
Core_0_L1D_total_miss: 85068
Core_0_L1I_total_hit: 1212883
Core_0_L1I_total_miss: 262
Core_0_L2C_total_hit: 70177
Core_0_L2C_total_miss: 81136
Core_0_LLC_total_hit: 13115
Core_0_LLC_total_miss: 73330
