Core_0_IPC: 0.24453
Core_0_branch_prediction_accuracy: 75.52897
Core_0_L1D_total_hit: 1204189
Core_0_L1D_total_miss: 144825
Core_0_L1I_total_hit: 1040284
Core_0_L1I_total_miss: 0
Core_0_L2C_total_hit: 253601
Core_0_L2C_total_miss: 76605
Core_0_LLC_total_hit: 101301
Core_0_LLC_total_miss: 59739
