Core_0_IPC: 0.68718
Core_0_branch_prediction_accuracy: 99.38729
Core_0_L1D_total_hit: 561085
Core_0_L1D_total_miss: 269059
Core_0_L1I_total_hit: 1189476
Core_0_L1I_total_miss: 0
Core_0_L2C_total_hit: 538316
Core_0_L2C_total_miss: 163004
Core_0_LLC_total_hit: 38477
Core_0_LLC_total_miss: 254162
