Core_0_IPC: 0.60234
Core_0_branch_prediction_accuracy: 99.38729
Core_0_L1D_total_hit: 554072
Core_0_L1D_total_miss: 269068
Core_0_L1I_total_hit: 1193803
Core_0_L1I_total_miss: 0
Core_0_L2C_total_hit: 546451
Core_0_L2C_total_miss: 162998
Core_0_LLC_total_hit: 16859
Core_0_LLC_total_miss: 277510
