Core_0_IPC: 0.25488
Core_0_branch_prediction_accuracy: 96.45216
Core_0_L1D_total_hit: 1776075
Core_0_L1D_total_miss: 130850
Core_0_L1I_total_hit: 1514876
Core_0_L1I_total_miss: 907
Core_0_L2C_total_hit: 97962
Core_0_L2C_total_miss: 94803
Core_0_LLC_total_hit: 57177
Core_0_LLC_total_miss: 150769
