Core_0_IPC: 0.37959
Core_0_branch_prediction_accuracy: 95.06470
Core_0_L1D_total_hit: 1778694
Core_0_L1D_total_miss: 40021
Core_0_L1I_total_hit: 1400720
Core_0_L1I_total_miss: 34563
Core_0_L2C_total_hit: 623762
Core_0_L2C_total_miss: 93225
Core_0_LLC_total_hit: 58178
Core_0_LLC_total_miss: 39571
