Core_0_IPC: 0.54300
Core_0_branch_prediction_accuracy: 99.38729
Core_0_L1D_total_hit: 581903
Core_0_L1D_total_miss: 269063
Core_0_L1I_total_hit: 1131231
Core_0_L1I_total_miss: 0
Core_0_L2C_total_hit: 345521
Core_0_L2C_total_miss: 162961
Core_0_LLC_total_hit: 23257
Core_0_LLC_total_miss: 272399
