Core_0_IPC: 0.07983
Core_0_branch_prediction_accuracy: 92.86808
Core_0_L1D_total_hit: 246486
Core_0_L1D_total_miss: 856932
Core_0_L1I_total_hit: 951737
Core_0_L1I_total_miss: 3
Core_0_L2C_total_hit: 323322
Core_0_L2C_total_miss: 562720
Core_0_LLC_total_hit: 466600
Core_0_LLC_total_miss: 661477
