Core_0_IPC: 0.05080
Core_0_branch_prediction_accuracy: 92.86808
Core_0_L1D_total_hit: 248196
Core_0_L1D_total_miss: 856891
Core_0_L1I_total_hit: 949828
Core_0_L1I_total_miss: 3
Core_0_L2C_total_hit: 1500017
Core_0_L2C_total_miss: 4799921
Core_0_LLC_total_hit: 1428465
Core_0_LLC_total_miss: 3396463
