Core_0_IPC: 0.91164
Core_0_branch_prediction_accuracy: 97.75262
Core_0_L1D_total_hit: 699246
Core_0_L1D_total_miss: 85062
Core_0_L1I_total_hit: 1206392
Core_0_L1I_total_miss: 262
Core_0_L2C_total_hit: 79224
Core_0_L2C_total_miss: 78061
Core_0_LLC_total_hit: 33275
Core_0_LLC_total_miss: 49927
