Core_0_IPC: 0.37990
Core_0_branch_prediction_accuracy: 95.06470
Core_0_L1D_total_hit: 1779037
Core_0_L1D_total_miss: 40021
Core_0_L1I_total_hit: 1400811
Core_0_L1I_total_miss: 34562
Core_0_L2C_total_hit: 485870
Core_0_L2C_total_miss: 80438
Core_0_LLC_total_hit: 53236
Core_0_LLC_total_miss: 45338
