Core_0_IPC: 0.76085
Core_0_branch_prediction_accuracy: 97.75262
Core_0_L1D_total_hit: 659080
Core_0_L1D_total_miss: 85071
Core_0_L1I_total_hit: 1224223
Core_0_L1I_total_miss: 262
Core_0_L2C_total_hit: 21157
Core_0_L2C_total_miss: 70060
Core_0_LLC_total_hit: 55326
Core_0_LLC_total_miss: 69969
