Core_0_IPC: 0.60379
Core_0_branch_prediction_accuracy: 99.38729
Core_0_L1D_total_hit: 553871
Core_0_L1D_total_miss: 269069
Core_0_L1I_total_hit: 1191408
Core_0_L1I_total_miss: 0
Core_0_L2C_total_hit: 555802
Core_0_L2C_total_miss: 163006
Core_0_LLC_total_hit: 7003
Core_0_LLC_total_miss: 284247
