Core_0_IPC: 0.25399
Core_0_branch_prediction_accuracy: 96.45216
Core_0_L1D_total_hit: 1778828
Core_0_L1D_total_miss: 130843
Core_0_L1I_total_hit: 1518762
Core_0_L1I_total_miss: 907
Core_0_L2C_total_hit: 102971
Core_0_L2C_total_miss: 99164
Core_0_LLC_total_hit: 82391
Core_0_LLC_total_miss: 133261
