Core_0_IPC: 0.24436
Core_0_branch_prediction_accuracy: 96.45216
Core_0_L1D_total_hit: 1779087
Core_0_L1D_total_miss: 130843
Core_0_L1I_total_hit: 1514346
Core_0_L1I_total_miss: 910
Core_0_L2C_total_hit: 524303
Core_0_L2C_total_miss: 393516
Core_0_LLC_total_hit: 35108
Core_0_LLC_total_miss: 410429
