Core_0_IPC: 0.09704
Core_0_branch_prediction_accuracy: 92.86808
Core_0_L1D_total_hit: 249371
Core_0_L1D_total_miss: 856895
Core_0_L1I_total_hit: 946868
Core_0_L1I_total_miss: 3
Core_0_L2C_total_hit: 1972922
Core_0_L2C_total_miss: 1561690
Core_0_LLC_total_hit: 1333836
Core_0_LLC_total_miss: 841209
