Core_0_IPC: 0.25263
Core_0_branch_prediction_accuracy: 96.45216
Core_0_L1D_total_hit: 1776955
Core_0_L1D_total_miss: 130842
Core_0_L1I_total_hit: 1516585
Core_0_L1I_total_miss: 908
Core_0_L2C_total_hit: 100031
Core_0_L2C_total_miss: 96614
Core_0_LLC_total_hit: 61946
Core_0_LLC_total_miss: 149456
