Core_0_IPC: 0.26685
Core_0_branch_prediction_accuracy: 75.52897
Core_0_L1D_total_hit: 1204351
Core_0_L1D_total_miss: 144828
Core_0_L1I_total_hit: 1040184
Core_0_L1I_total_miss: 0
Core_0_L2C_total_hit: 198348
Core_0_L2C_total_miss: 127999
Core_0_LLC_total_hit: 139922
Core_0_LLC_total_miss: 13941
