Core_0_IPC: 0.05695
Core_0_branch_prediction_accuracy: 92.86808
Core_0_L1D_total_hit: 245343
Core_0_L1D_total_miss: 856950
Core_0_L1I_total_hit: 953278
Core_0_L1I_total_miss: 3
Core_0_L2C_total_hit: 323425
Core_0_L2C_total_miss: 562201
Core_0_LLC_total_hit: 143260
Core_0_LLC_total_miss: 439806
