Core_0_IPC: 0.05675
Core_0_branch_prediction_accuracy: 92.86808
Core_0_L1D_total_hit: 245443
Core_0_L1D_total_miss: 856954
Core_0_L1I_total_hit: 953457
Core_0_L1I_total_miss: 3
Core_0_L2C_total_hit: 324405
Core_0_L2C_total_miss: 562615
Core_0_LLC_total_hit: 139392
Core_0_LLC_total_miss: 444221
