Core_0_IPC: 0.49536
Core_0_branch_prediction_accuracy: 99.38729
Core_0_L1D_total_hit: 578454
Core_0_L1D_total_miss: 269069
Core_0_L1I_total_hit: 1122755
Core_0_L1I_total_miss: 0
Core_0_L2C_total_hit: 334325
Core_0_L2C_total_miss: 162962
Core_0_LLC_total_hit: 41661
Core_0_LLC_total_miss: 259042
