Core_0_IPC: 0.56018
Core_0_branch_prediction_accuracy: 97.75262
Core_0_L1D_total_hit: 655062
Core_0_L1D_total_miss: 85072
Core_0_L1I_total_hit: 1227551
Core_0_L1I_total_miss: 262
Core_0_L2C_total_hit: 19917
Core_0_L2C_total_miss: 71302
Core_0_LLC_total_hit: 11109
Core_0_LLC_total_miss: 65358
