Core_0_IPC: 0.25466
Core_0_branch_prediction_accuracy: 96.45216
Core_0_L1D_total_hit: 1776300
Core_0_L1D_total_miss: 130845
Core_0_L1I_total_hit: 1514725
Core_0_L1I_total_miss: 907
Core_0_L2C_total_hit: 100246
Core_0_L2C_total_miss: 96413
Core_0_LLC_total_hit: 56583
Core_0_LLC_total_miss: 154217
