Core_0_IPC: 0.33133
Core_0_branch_prediction_accuracy: 95.17972
Core_0_L1D_total_hit: 1852234
Core_0_L1D_total_miss: 62938
Core_0_L1I_total_hit: 1304322
Core_0_L1I_total_miss: 39001
Core_0_L2C_total_hit: 184553
Core_0_L2C_total_miss: 26969
Core_0_LLC_total_hit: 14498
Core_0_LLC_total_miss: 17531
