Core_0_IPC: 0.48266
Core_0_branch_prediction_accuracy: 99.38729
Core_0_L1D_total_hit: 583351
Core_0_L1D_total_miss: 269069
Core_0_L1I_total_hit: 1126759
Core_0_L1I_total_miss: 0
Core_0_L2C_total_hit: 376719
Core_0_L2C_total_miss: 162955
Core_0_LLC_total_hit: 113448
Core_0_LLC_total_miss: 172829
