Core_0_IPC: 0.47778
Core_0_branch_prediction_accuracy: 99.38729
Core_0_L1D_total_hit: 581937
Core_0_L1D_total_miss: 269067
Core_0_L1I_total_hit: 1123346
Core_0_L1I_total_miss: 0
Core_0_L2C_total_hit: 349477
Core_0_L2C_total_miss: 162960
Core_0_LLC_total_hit: 90600
Core_0_LLC_total_miss: 194289
