Core_0_IPC: 0.26248
Core_0_branch_prediction_accuracy: 75.52897
Core_0_L1D_total_hit: 1204282
Core_0_L1D_total_miss: 144824
Core_0_L1I_total_hit: 1040229
Core_0_L1I_total_miss: 0
Core_0_L2C_total_hit: 137362
Core_0_L2C_total_miss: 61862
Core_0_LLC_total_hit: 113276
Core_0_LLC_total_miss: 23571
