Core_0_IPC: 0.25263
Core_0_branch_prediction_accuracy: 96.45216
Core_0_L1D_total_hit: 1777983
Core_0_L1D_total_miss: 130840
Core_0_L1I_total_hit: 1517394
Core_0_L1I_total_miss: 907
Core_0_L2C_total_hit: 102996
Core_0_L2C_total_miss: 99136
Core_0_LLC_total_hit: 74688
Core_0_LLC_total_miss: 140586
