Core_0_IPC: 0.26368
Core_0_branch_prediction_accuracy: 75.52897
Core_0_L1D_total_hit: 1204322
Core_0_L1D_total_miss: 144824
Core_0_L1I_total_hit: 1040237
Core_0_L1I_total_miss: 0
Core_0_L2C_total_hit: 131213
Core_0_L2C_total_miss: 63593
Core_0_LLC_total_hit: 121566
Core_0_LLC_total_miss: 19424
