Core_0_IPC: 0.59173
Core_0_branch_prediction_accuracy: 99.38729
Core_0_L1D_total_hit: 554191
Core_0_L1D_total_miss: 269067
Core_0_L1I_total_hit: 1193359
Core_0_L1I_total_miss: 0
Core_0_L2C_total_hit: 542283
Core_0_L2C_total_miss: 162994
Core_0_LLC_total_hit: 90339
Core_0_LLC_total_miss: 194587
