Core_0_IPC: 0.24306
Core_0_branch_prediction_accuracy: 96.45216
Core_0_L1D_total_hit: 1773478
Core_0_L1D_total_miss: 130841
Core_0_L1I_total_hit: 1512428
Core_0_L1I_total_miss: 908
Core_0_L2C_total_hit: 97835
Core_0_L2C_total_miss: 94839
Core_0_LLC_total_hit: 61628
Core_0_LLC_total_miss: 78683
