Core_0_IPC: 0.07414
Core_0_branch_prediction_accuracy: 92.86808
Core_0_L1D_total_hit: 247847
Core_0_L1D_total_miss: 856899
Core_0_L1I_total_hit: 948182
Core_0_L1I_total_miss: 3
Core_0_L2C_total_hit: 323933
Core_0_L2C_total_miss: 561640
Core_0_LLC_total_hit: 457197
Core_0_LLC_total_miss: 668669
