Core_0_IPC: 0.33217
Core_0_branch_prediction_accuracy: 95.17972
Core_0_L1D_total_hit: 1852175
Core_0_L1D_total_miss: 62935
Core_0_L1I_total_hit: 1304312
Core_0_L1I_total_miss: 39000
Core_0_L2C_total_hit: 116012
Core_0_L2C_total_miss: 20796
Core_0_LLC_total_hit: 22655
Core_0_LLC_total_miss: 18563
