Core_0_IPC: 0.47975
Core_0_branch_prediction_accuracy: 99.38729
Core_0_L1D_total_hit: 587869
Core_0_L1D_total_miss: 269071
Core_0_L1I_total_hit: 1197355
Core_0_L1I_total_miss: 0
Core_0_L2C_total_hit: 334332
Core_0_L2C_total_miss: 162961
Core_0_LLC_total_hit: 10996
Core_0_LLC_total_miss: 274443
