Core_0_IPC: 0.38046
Core_0_branch_prediction_accuracy: 95.06470
Core_0_L1D_total_hit: 1778910
Core_0_L1D_total_miss: 40021
Core_0_L1I_total_hit: 1400804
Core_0_L1I_total_miss: 34562
Core_0_L2C_total_hit: 484473
Core_0_L2C_total_miss: 82562
Core_0_LLC_total_hit: 58689
Core_0_LLC_total_miss: 42809
