Core_0_IPC: 0.66448
Core_0_branch_prediction_accuracy: 97.75262
Core_0_L1D_total_hit: 662446
Core_0_L1D_total_miss: 85064
Core_0_L1I_total_hit: 1223185
Core_0_L1I_total_miss: 262
Core_0_L2C_total_hit: 21607
Core_0_L2C_total_miss: 69604
Core_0_LLC_total_hit: 32919
Core_0_LLC_total_miss: 41691
