Core_0_IPC: 0.25856
Core_0_branch_prediction_accuracy: 96.45216
Core_0_L1D_total_hit: 1783847
Core_0_L1D_total_miss: 130848
Core_0_L1I_total_hit: 1520958
Core_0_L1I_total_miss: 909
Core_0_L2C_total_hit: 150954
Core_0_L2C_total_miss: 140226
Core_0_LLC_total_hit: 61024
Core_0_LLC_total_miss: 127086
