Core_0_IPC: 0.25616
Core_0_branch_prediction_accuracy: 75.52897
Core_0_L1D_total_hit: 1204255
Core_0_L1D_total_miss: 144824
Core_0_L1I_total_hit: 1040238
Core_0_L1I_total_miss: 0
Core_0_L2C_total_hit: 122796
Core_0_L2C_total_miss: 72010
Core_0_LLC_total_hit: 83719
Core_0_LLC_total_miss: 11983
