Core_0_IPC: 0.07279
Core_0_branch_prediction_accuracy: 92.86808
Core_0_L1D_total_hit: 249997
Core_0_L1D_total_miss: 856883
Core_0_L1I_total_hit: 946684
Core_0_L1I_total_miss: 3
Core_0_L2C_total_hit: 795121
Core_0_L2C_total_miss: 920837
Core_0_LLC_total_hit: 480486
Core_0_LLC_total_miss: 1071550
