Core_0_IPC: 0.61945
Core_0_branch_prediction_accuracy: 99.38729
Core_0_L1D_total_hit: 550537
Core_0_L1D_total_miss: 269066
Core_0_L1I_total_hit: 1193211
Core_0_L1I_total_miss: 0
Core_0_L2C_total_hit: 551901
Core_0_L2C_total_miss: 162995
Core_0_LLC_total_hit: 110243
Core_0_LLC_total_miss: 183565
