Core_0_IPC: 0.93630
Core_0_branch_prediction_accuracy: 97.75262
Core_0_L1D_total_hit: 696112
Core_0_L1D_total_miss: 85071
Core_0_L1I_total_hit: 1204379
Core_0_L1I_total_miss: 262
Core_0_L2C_total_hit: 121258
Core_0_L2C_total_miss: 78736
Core_0_LLC_total_hit: 46312
Core_0_LLC_total_miss: 73169
