Core_0_IPC: 0.31955
Core_0_branch_prediction_accuracy: 95.17972
Core_0_L1D_total_hit: 1851265
Core_0_L1D_total_miss: 62936
Core_0_L1I_total_hit: 1303837
Core_0_L1I_total_miss: 39001
Core_0_L2C_total_hit: 100423
Core_0_L2C_total_miss: 18553
Core_0_LLC_total_hit: 8407
Core_0_LLC_total_miss: 14319
