Core_0_IPC: 0.25367
Core_0_branch_prediction_accuracy: 96.45216
Core_0_L1D_total_hit: 1783008
Core_0_L1D_total_miss: 130847
Core_0_L1I_total_hit: 1518969
Core_0_L1I_total_miss: 908
Core_0_L2C_total_hit: 150759
Core_0_L2C_total_miss: 140237
Core_0_LLC_total_hit: 60962
Core_0_LLC_total_miss: 127164
