Core_0_IPC: 0.25963
Core_0_branch_prediction_accuracy: 96.45216
Core_0_L1D_total_hit: 1784811
Core_0_L1D_total_miss: 130842
Core_0_L1I_total_hit: 1523580
Core_0_L1I_total_miss: 910
Core_0_L2C_total_hit: 348856
Core_0_L2C_total_miss: 308315
Core_0_LLC_total_hit: 81113
Core_0_LLC_total_miss: 339022
