Core_0_IPC: 0.25678
Core_0_branch_prediction_accuracy: 96.45216
Core_0_L1D_total_hit: 1779148
Core_0_L1D_total_miss: 130842
Core_0_L1I_total_hit: 1518085
Core_0_L1I_total_miss: 908
Core_0_L2C_total_hit: 100245
Core_0_L2C_total_miss: 96408
Core_0_LLC_total_hit: 94871
Core_0_LLC_total_miss: 115975
