Core_0_IPC: 0.24418
Core_0_branch_prediction_accuracy: 96.45216
Core_0_L1D_total_hit: 1773745
Core_0_L1D_total_miss: 130842
Core_0_L1I_total_hit: 1513691
Core_0_L1I_total_miss: 908
Core_0_L2C_total_hit: 97854
Core_0_L2C_total_miss: 94812
Core_0_LLC_total_hit: 61424
Core_0_LLC_total_miss: 78813
