Core_0_IPC: 0.25359
Core_0_branch_prediction_accuracy: 96.45216
Core_0_L1D_total_hit: 1776111
Core_0_L1D_total_miss: 130845
Core_0_L1I_total_hit: 1514423
Core_0_L1I_total_miss: 907
Core_0_L2C_total_hit: 103022
Core_0_L2C_total_miss: 99062
Core_0_LLC_total_hit: 55075
Core_0_LLC_total_miss: 160370
