Core_0_IPC: 0.33496
Core_0_branch_prediction_accuracy: 95.17972
Core_0_L1D_total_hit: 1852542
Core_0_L1D_total_miss: 62937
Core_0_L1I_total_hit: 1303915
Core_0_L1I_total_miss: 39001
Core_0_L2C_total_hit: 185174
Core_0_L2C_total_miss: 26516
Core_0_LLC_total_hit: 25880
Core_0_LLC_total_miss: 20821
