Core_0_IPC: 0.26792
Core_0_branch_prediction_accuracy: 75.52897
Core_0_L1D_total_hit: 1204378
Core_0_L1D_total_miss: 144825
Core_0_L1I_total_hit: 1040236
Core_0_L1I_total_miss: 0
Core_0_L2C_total_hit: 136933
Core_0_L2C_total_miss: 62293
Core_0_LLC_total_hit: 123312
Core_0_LLC_total_miss: 14409
