Core_0_IPC: 0.36598
Core_0_branch_prediction_accuracy: 95.06470
Core_0_L1D_total_hit: 1779392
Core_0_L1D_total_miss: 40020
Core_0_L1I_total_hit: 1400893
Core_0_L1I_total_miss: 34563
Core_0_L2C_total_hit: 132443
Core_0_L2C_total_miss: 20646
Core_0_LLC_total_hit: 5283
Core_0_LLC_total_miss: 17565
