Core_0_IPC: 0.26209
Core_0_branch_prediction_accuracy: 96.45216
Core_0_L1D_total_hit: 1785951
Core_0_L1D_total_miss: 130847
Core_0_L1I_total_hit: 1523047
Core_0_L1I_total_miss: 908
Core_0_L2C_total_hit: 347135
Core_0_L2C_total_miss: 306636
Core_0_LLC_total_hit: 123029
Core_0_LLC_total_miss: 295882
