Core_0_IPC: 0.26343
Core_0_branch_prediction_accuracy: 96.45216
Core_0_L1D_total_hit: 1783807
Core_0_L1D_total_miss: 130844
Core_0_L1I_total_hit: 1518795
Core_0_L1I_total_miss: 909
Core_0_L2C_total_hit: 543791
Core_0_L2C_total_miss: 399433
Core_0_LLC_total_hit: 140671
Core_0_LLC_total_miss: 382644
