Core_0_IPC: 0.26059
Core_0_branch_prediction_accuracy: 75.52897
Core_0_L1D_total_hit: 1204407
Core_0_L1D_total_miss: 144827
Core_0_L1I_total_hit: 1040213
Core_0_L1I_total_miss: 0
Core_0_L2C_total_hit: 262906
Core_0_L2C_total_miss: 71640
Core_0_LLC_total_hit: 79309
Core_0_LLC_total_miss: 14120
