Core_0_IPC: 0.58092
Core_0_branch_prediction_accuracy: 99.38729
Core_0_L1D_total_hit: 551338
Core_0_L1D_total_miss: 269064
Core_0_L1I_total_hit: 1191147
Core_0_L1I_total_miss: 0
Core_0_L2C_total_hit: 545344
Core_0_L2C_total_miss: 162981
Core_0_LLC_total_hit: 13110
Core_0_LLC_total_miss: 276912
