Core_0_IPC: 0.24403
Core_0_branch_prediction_accuracy: 96.45216
Core_0_L1D_total_hit: 1772708
Core_0_L1D_total_miss: 130844
Core_0_L1I_total_hit: 1508797
Core_0_L1I_total_miss: 908
Core_0_L2C_total_hit: 100242
Core_0_L2C_total_miss: 96369
Core_0_LLC_total_hit: 33951
Core_0_LLC_total_miss: 108003
