Core_0_IPC: 0.53147
Core_0_branch_prediction_accuracy: 99.38729
Core_0_L1D_total_hit: 582538
Core_0_L1D_total_miss: 269063
Core_0_L1I_total_hit: 1133272
Core_0_L1I_total_miss: 0
Core_0_L2C_total_hit: 345680
Core_0_L2C_total_miss: 162954
Core_0_LLC_total_hit: 99782
Core_0_LLC_total_miss: 196165
