Core_0_IPC: 0.47163
Core_0_branch_prediction_accuracy: 99.38729
Core_0_L1D_total_hit: 581741
Core_0_L1D_total_miss: 269070
Core_0_L1I_total_hit: 1123633
Core_0_L1I_total_miss: 0
Core_0_L2C_total_hit: 349152
Core_0_L2C_total_miss: 162961
Core_0_LLC_total_hit: 90363
Core_0_LLC_total_miss: 194528
