Core_0_IPC: 0.25805
Core_0_branch_prediction_accuracy: 96.45216
Core_0_L1D_total_hit: 1781634
Core_0_L1D_total_miss: 130844
Core_0_L1I_total_hit: 1520451
Core_0_L1I_total_miss: 911
Core_0_L2C_total_hit: 521999
Core_0_L2C_total_miss: 390851
Core_0_LLC_total_hit: 94484
Core_0_LLC_total_miss: 348410
