Core_0_IPC: 0.33984
Core_0_branch_prediction_accuracy: 95.17972
Core_0_L1D_total_hit: 1853531
Core_0_L1D_total_miss: 62937
Core_0_L1I_total_hit: 1302871
Core_0_L1I_total_miss: 38997
Core_0_L2C_total_hit: 828515
Core_0_L2C_total_miss: 122863
Core_0_LLC_total_hit: 89284
Core_0_LLC_total_miss: 41616
