Core_0_IPC: 0.26760
Core_0_branch_prediction_accuracy: 75.52897
Core_0_L1D_total_hit: 1204426
Core_0_L1D_total_miss: 144827
Core_0_L1I_total_hit: 1040215
Core_0_L1I_total_miss: 0
Core_0_L2C_total_hit: 262922
Core_0_L2C_total_miss: 71640
Core_0_LLC_total_hit: 133966
Core_0_LLC_total_miss: 17280
