Core_0_IPC: 0.31922
Core_0_branch_prediction_accuracy: 95.17972
Core_0_L1D_total_hit: 1851271
Core_0_L1D_total_miss: 62936
Core_0_L1I_total_hit: 1303832
Core_0_L1I_total_miss: 39001
Core_0_L2C_total_hit: 100260
Core_0_L2C_total_miss: 18716
Core_0_LLC_total_hit: 8606
Core_0_LLC_total_miss: 14359
