Core_0_IPC: 0.25657
Core_0_branch_prediction_accuracy: 96.45216
Core_0_L1D_total_hit: 1779045
Core_0_L1D_total_miss: 130845
Core_0_L1I_total_hit: 1518469
Core_0_L1I_total_miss: 907
Core_0_L2C_total_hit: 103133
Core_0_L2C_total_miss: 98982
Core_0_LLC_total_hit: 84487
Core_0_LLC_total_miss: 130926
