Core_0_IPC: 0.88181
Core_0_branch_prediction_accuracy: 97.75262
Core_0_L1D_total_hit: 695389
Core_0_L1D_total_miss: 85069
Core_0_L1I_total_hit: 1210022
Core_0_L1I_total_miss: 262
Core_0_L2C_total_hit: 75436
Core_0_L2C_total_miss: 78007
Core_0_LLC_total_hit: 25850
Core_0_LLC_total_miss: 57270
