Core_0_IPC: 0.33715
Core_0_branch_prediction_accuracy: 95.17972
Core_0_L1D_total_hit: 1853426
Core_0_L1D_total_miss: 62936
Core_0_L1I_total_hit: 1302779
Core_0_L1I_total_miss: 38997
Core_0_L2C_total_hit: 827862
Core_0_L2C_total_miss: 123769
Core_0_LLC_total_hit: 82521
Core_0_LLC_total_miss: 49270
