Core_0_IPC: 0.26261
Core_0_branch_prediction_accuracy: 96.45216
Core_0_L1D_total_hit: 1788278
Core_0_L1D_total_miss: 130845
Core_0_L1I_total_hit: 1526604
Core_0_L1I_total_miss: 909
Core_0_L2C_total_hit: 150099
Core_0_L2C_total_miss: 140341
Core_0_LLC_total_hit: 95888
Core_0_LLC_total_miss: 151584
