Core_0_IPC: 0.06366
Core_0_branch_prediction_accuracy: 92.86808
Core_0_L1D_total_hit: 245282
Core_0_L1D_total_miss: 856961
Core_0_L1I_total_hit: 956534
Core_0_L1I_total_miss: 3
Core_0_L2C_total_hit: 323526
Core_0_L2C_total_miss: 562555
Core_0_LLC_total_hit: 243714
Core_0_LLC_total_miss: 339945
