Core_0_IPC: 0.26053
Core_0_branch_prediction_accuracy: 96.45216
Core_0_L1D_total_hit: 1787709
Core_0_L1D_total_miss: 130847
Core_0_L1I_total_hit: 1525189
Core_0_L1I_total_miss: 912
Core_0_L2C_total_hit: 150266
Core_0_L2C_total_miss: 140232
Core_0_LLC_total_hit: 103519
Core_0_LLC_total_miss: 143834
