Core_0_IPC: 0.24179
Core_0_branch_prediction_accuracy: 96.45216
Core_0_L1D_total_hit: 1774272
Core_0_L1D_total_miss: 130843
Core_0_L1I_total_hit: 1513011
Core_0_L1I_total_miss: 907
Core_0_L2C_total_hit: 100172
Core_0_L2C_total_miss: 96423
Core_0_LLC_total_hit: 36657
Core_0_LLC_total_miss: 105296
