Core_0_IPC: 0.36653
Core_0_branch_prediction_accuracy: 95.06470
Core_0_L1D_total_hit: 1779360
Core_0_L1D_total_miss: 40020
Core_0_L1I_total_hit: 1400844
Core_0_L1I_total_miss: 34563
Core_0_L2C_total_hit: 80628
Core_0_L2C_total_miss: 15447
Core_0_LLC_total_hit: 10540
Core_0_LLC_total_miss: 18413
