Core_0_IPC: 0.36412
Core_0_branch_prediction_accuracy: 95.06470
Core_0_L1D_total_hit: 1779412
Core_0_L1D_total_miss: 40020
Core_0_L1I_total_hit: 1400902
Core_0_L1I_total_miss: 34563
Core_0_L2C_total_hit: 70414
Core_0_L2C_total_miss: 14309
Core_0_LLC_total_hit: 10000
Core_0_LLC_total_miss: 17499
