Core_0_IPC: 0.18875
Core_0_branch_prediction_accuracy: 75.52897
Core_0_L1D_total_hit: 1203044
Core_0_L1D_total_miss: 144822
Core_0_L1I_total_hit: 1040403
Core_0_L1I_total_miss: 0
Core_0_L2C_total_hit: 368912
Core_0_L2C_total_miss: 512434
Core_0_LLC_total_hit: 266968
Core_0_LLC_total_miss: 280479
