Core_0_IPC: 0.52907
Core_0_branch_prediction_accuracy: 99.38729
Core_0_L1D_total_hit: 578570
Core_0_L1D_total_miss: 269071
Core_0_L1I_total_hit: 1124370
Core_0_L1I_total_miss: 0
Core_0_L2C_total_hit: 334331
Core_0_L2C_total_miss: 162962
Core_0_LLC_total_hit: 47375
Core_0_LLC_total_miss: 253111
