Core_0_IPC: 0.32203
Core_0_branch_prediction_accuracy: 95.17972
Core_0_L1D_total_hit: 1851438
Core_0_L1D_total_miss: 62936
Core_0_L1I_total_hit: 1303831
Core_0_L1I_total_miss: 39001
Core_0_L2C_total_hit: 116089
Core_0_L2C_total_miss: 20695
Core_0_LLC_total_hit: 9654
Core_0_LLC_total_miss: 15511
