Core_0_IPC: 0.25893
Core_0_branch_prediction_accuracy: 75.52897
Core_0_L1D_total_hit: 1204335
Core_0_L1D_total_miss: 144827
Core_0_L1I_total_hit: 1040200
Core_0_L1I_total_miss: 0
Core_0_L2C_total_hit: 194508
Core_0_L2C_total_miss: 131649
Core_0_LLC_total_hit: 193287
Core_0_LLC_total_miss: 38326
