Core_0_IPC: 0.52398
Core_0_branch_prediction_accuracy: 99.38729
Core_0_L1D_total_hit: 583643
Core_0_L1D_total_miss: 269071
Core_0_L1I_total_hit: 1124976
Core_0_L1I_total_miss: 0
Core_0_L2C_total_hit: 417952
Core_0_L2C_total_miss: 162943
Core_0_LLC_total_hit: 38923
Core_0_LLC_total_miss: 248790
