Core_0_IPC: 0.08678
Core_0_branch_prediction_accuracy: 92.86808
Core_0_L1D_total_hit: 249474
Core_0_L1D_total_miss: 856881
Core_0_L1I_total_hit: 946373
Core_0_L1I_total_miss: 3
Core_0_L2C_total_hit: 796219
Core_0_L2C_total_miss: 919715
Core_0_LLC_total_hit: 343356
Core_0_LLC_total_miss: 598757
