Core_0_IPC: 0.06771
Core_0_branch_prediction_accuracy: 92.86808
Core_0_L1D_total_hit: 247248
Core_0_L1D_total_miss: 856903
Core_0_L1I_total_hit: 949966
Core_0_L1I_total_miss: 3
Core_0_L2C_total_hit: 323253
Core_0_L2C_total_miss: 562324
Core_0_LLC_total_hit: 345521
Core_0_LLC_total_miss: 781696
