Core_0_IPC: 0.07077
Core_0_branch_prediction_accuracy: 92.86808
Core_0_L1D_total_hit: 249987
Core_0_L1D_total_miss: 856896
Core_0_L1I_total_hit: 947428
Core_0_L1I_total_miss: 3
Core_0_L2C_total_hit: 1506920
Core_0_L2C_total_miss: 4742688
Core_0_LLC_total_hit: 3581614
Core_0_LLC_total_miss: 2559504
