Core_0_IPC: 0.09733
Core_0_branch_prediction_accuracy: 92.86808
Core_0_L1D_total_hit: 248908
Core_0_L1D_total_miss: 856877
Core_0_L1I_total_hit: 946121
Core_0_L1I_total_miss: 3
Core_0_L2C_total_hit: 795970
Core_0_L2C_total_miss: 919615
Core_0_LLC_total_hit: 439815
Core_0_LLC_total_miss: 502193
