Core_0_IPC: 0.63679
Core_0_branch_prediction_accuracy: 99.38729
Core_0_L1D_total_hit: 567832
Core_0_L1D_total_miss: 269064
Core_0_L1I_total_hit: 1135541
Core_0_L1I_total_miss: 0
Core_0_L2C_total_hit: 370684
Core_0_L2C_total_miss: 162946
Core_0_LLC_total_hit: 62228
Core_0_LLC_total_miss: 254696
