Core_0_IPC: 0.04635
Core_0_branch_prediction_accuracy: 92.86808
Core_0_L1D_total_hit: 248565
Core_0_L1D_total_miss: 856882
Core_0_L1I_total_hit: 949573
Core_0_L1I_total_miss: 3
Core_0_L2C_total_hit: 1489933
Core_0_L2C_total_miss: 4869181
Core_0_LLC_total_hit: 2008985
Core_0_LLC_total_miss: 4327513
