Core_0_IPC: 0.08357
Core_0_branch_prediction_accuracy: 92.86808
Core_0_L1D_total_hit: 248088
Core_0_L1D_total_miss: 856886
Core_0_L1I_total_hit: 946860
Core_0_L1I_total_miss: 3
Core_0_L2C_total_hit: 324555
Core_0_L2C_total_miss: 562371
Core_0_LLC_total_hit: 535835
Core_0_LLC_total_miss: 591282
