Core_0_IPC: 0.53780
Core_0_branch_prediction_accuracy: 99.38729
Core_0_L1D_total_hit: 582838
Core_0_L1D_total_miss: 269066
Core_0_L1I_total_hit: 1134437
Core_0_L1I_total_miss: 0
Core_0_L2C_total_hit: 345680
Core_0_L2C_total_miss: 162960
Core_0_LLC_total_hit: 12079
Core_0_LLC_total_miss: 284234
