Core_0_IPC: 0.32984
Core_0_branch_prediction_accuracy: 95.17972
Core_0_L1D_total_hit: 1852020
Core_0_L1D_total_miss: 62936
Core_0_L1I_total_hit: 1304358
Core_0_L1I_total_miss: 39001
Core_0_L2C_total_hit: 100257
Core_0_L2C_total_miss: 18719
Core_0_LLC_total_hit: 20661
Core_0_LLC_total_miss: 17528
