Core_0_IPC: 0.25436
Core_0_branch_prediction_accuracy: 96.45216
Core_0_L1D_total_hit: 1778730
Core_0_L1D_total_miss: 130845
Core_0_L1I_total_hit: 1518973
Core_0_L1I_total_miss: 908
Core_0_L2C_total_hit: 100192
Core_0_L2C_total_miss: 96428
Core_0_LLC_total_hit: 84067
Core_0_LLC_total_miss: 126736
