Core_0_IPC: 0.26130
Core_0_branch_prediction_accuracy: 96.45216
Core_0_L1D_total_hit: 1787970
Core_0_L1D_total_miss: 130846
Core_0_L1I_total_hit: 1524516
Core_0_L1I_total_miss: 908
Core_0_L2C_total_hit: 150456
Core_0_L2C_total_miss: 139983
Core_0_LLC_total_hit: 82859
Core_0_LLC_total_miss: 163719
