Core_0_IPC: 0.25372
Core_0_branch_prediction_accuracy: 96.45216
Core_0_L1D_total_hit: 1778140
Core_0_L1D_total_miss: 130845
Core_0_L1I_total_hit: 1517114
Core_0_L1I_total_miss: 907
Core_0_L2C_total_hit: 103059
Core_0_L2C_total_miss: 99059
Core_0_LLC_total_hit: 79282
Core_0_LLC_total_miss: 135872
