Core_0_IPC: 0.90388
Core_0_branch_prediction_accuracy: 97.75262
Core_0_L1D_total_hit: 699047
Core_0_L1D_total_miss: 85064
Core_0_L1I_total_hit: 1202638
Core_0_L1I_total_miss: 262
Core_0_L2C_total_hit: 120304
Core_0_L2C_total_miss: 79632
Core_0_LLC_total_hit: 27188
Core_0_LLC_total_miss: 57740
