Core_0_IPC: 0.49989
Core_0_branch_prediction_accuracy: 99.38729
Core_0_L1D_total_hit: 583484
Core_0_L1D_total_miss: 269070
Core_0_L1I_total_hit: 1125469
Core_0_L1I_total_miss: 0
Core_0_L2C_total_hit: 417229
Core_0_L2C_total_miss: 162940
Core_0_LLC_total_hit: 84595
Core_0_LLC_total_miss: 203695
