Core_0_IPC: 0.04863
Core_0_branch_prediction_accuracy: 92.86808
Core_0_L1D_total_hit: 248026
Core_0_L1D_total_miss: 856883
Core_0_L1I_total_hit: 949732
Core_0_L1I_total_miss: 3
Core_0_L2C_total_hit: 1436154
Core_0_L2C_total_miss: 5210165
Core_0_LLC_total_hit: 1512242
Core_0_LLC_total_miss: 3723275
