Core_0_IPC: 0.09968
Core_0_branch_prediction_accuracy: 92.86808
Core_0_L1D_total_hit: 249098
Core_0_L1D_total_miss: 856903
Core_0_L1I_total_hit: 947153
Core_0_L1I_total_miss: 3
Core_0_L2C_total_hit: 1975111
Core_0_L2C_total_miss: 1537947
Core_0_LLC_total_hit: 789423
Core_0_LLC_total_miss: 774175
