Core_0_IPC: 0.08190
Core_0_branch_prediction_accuracy: 92.86808
Core_0_L1D_total_hit: 248019
Core_0_L1D_total_miss: 856902
Core_0_L1I_total_hit: 946945
Core_0_L1I_total_miss: 3
Core_0_L2C_total_hit: 324720
Core_0_L2C_total_miss: 561291
Core_0_LLC_total_hit: 515154
Core_0_LLC_total_miss: 609646
