Core_0_IPC: 0.32081
Core_0_branch_prediction_accuracy: 95.17972
Core_0_L1D_total_hit: 1851402
Core_0_L1D_total_miss: 62936
Core_0_L1I_total_hit: 1303845
Core_0_L1I_total_miss: 39001
Core_0_L2C_total_hit: 105184
Core_0_L2C_total_miss: 19274
Core_0_LLC_total_hit: 8871
Core_0_LLC_total_miss: 14700
