Core_0_IPC: 0.07419
Core_0_branch_prediction_accuracy: 92.86808
Core_0_L1D_total_hit: 247035
Core_0_L1D_total_miss: 856935
Core_0_L1I_total_hit: 950579
Core_0_L1I_total_miss: 3
Core_0_L2C_total_hit: 324177
Core_0_L2C_total_miss: 561875
Core_0_LLC_total_hit: 452343
Core_0_LLC_total_miss: 674950
