Core_0_IPC: 0.36411
Core_0_branch_prediction_accuracy: 95.06470
Core_0_L1D_total_hit: 1779364
Core_0_L1D_total_miss: 40020
Core_0_L1I_total_hit: 1400908
Core_0_L1I_total_miss: 34563
Core_0_L2C_total_hit: 70436
Core_0_L2C_total_miss: 14287
Core_0_LLC_total_hit: 9823
Core_0_LLC_total_miss: 17625
