Core_0_IPC: 0.07660
Core_0_branch_prediction_accuracy: 92.86808
Core_0_L1D_total_hit: 249659
Core_0_L1D_total_miss: 856887
Core_0_L1I_total_hit: 947427
Core_0_L1I_total_miss: 3
Core_0_L2C_total_hit: 1531123
Core_0_L2C_total_miss: 4603286
Core_0_LLC_total_hit: 2712158
Core_0_LLC_total_miss: 1916367
