Core_0_IPC: 0.07802
Core_0_branch_prediction_accuracy: 92.86808
Core_0_L1D_total_hit: 249569
Core_0_L1D_total_miss: 856873
Core_0_L1I_total_hit: 947051
Core_0_L1I_total_miss: 3
Core_0_L2C_total_hit: 1565884
Core_0_L2C_total_miss: 4417212
Core_0_LLC_total_hit: 3208941
Core_0_LLC_total_miss: 2342147
