Core_0_IPC: 0.25143
Core_0_branch_prediction_accuracy: 75.52897
Core_0_L1D_total_hit: 1203662
Core_0_L1D_total_miss: 144822
Core_0_L1I_total_hit: 1040218
Core_0_L1I_total_miss: 0
Core_0_L2C_total_hit: 356305
Core_0_L2C_total_miss: 478026
Core_0_LLC_total_hit: 579575
Core_0_LLC_total_miss: 69535
