Core_0_IPC: 0.53057
Core_0_branch_prediction_accuracy: 99.38729
Core_0_L1D_total_hit: 582333
Core_0_L1D_total_miss: 269071
Core_0_L1I_total_hit: 1126488
Core_0_L1I_total_miss: 0
Core_0_L2C_total_hit: 349590
Core_0_L2C_total_miss: 162963
Core_0_LLC_total_hit: 32006
Core_0_LLC_total_miss: 252889
