Core_0_IPC: 0.25820
Core_0_branch_prediction_accuracy: 96.45216
Core_0_L1D_total_hit: 1784509
Core_0_L1D_total_miss: 130847
Core_0_L1I_total_hit: 1521818
Core_0_L1I_total_miss: 909
Core_0_L2C_total_hit: 150869
Core_0_L2C_total_miss: 140229
Core_0_LLC_total_hit: 71112
Core_0_LLC_total_miss: 117002
