Core_0_IPC: 0.51715
Core_0_branch_prediction_accuracy: 99.38729
Core_0_L1D_total_hit: 582424
Core_0_L1D_total_miss: 269069
Core_0_L1I_total_hit: 1125980
Core_0_L1I_total_miss: 0
Core_0_L2C_total_hit: 349635
Core_0_L2C_total_miss: 162959
Core_0_LLC_total_hit: 37109
Core_0_LLC_total_miss: 248381
