Core_0_IPC: 0.07824
Core_0_branch_prediction_accuracy: 92.86808
Core_0_L1D_total_hit: 249599
Core_0_L1D_total_miss: 856876
Core_0_L1I_total_hit: 947642
Core_0_L1I_total_miss: 3
Core_0_L2C_total_hit: 1977919
Core_0_L2C_total_miss: 1492446
Core_0_LLC_total_hit: 669970
Core_0_LLC_total_miss: 1426795
