Core_0_IPC: 0.26394
Core_0_branch_prediction_accuracy: 75.52897
Core_0_L1D_total_hit: 1204365
Core_0_L1D_total_miss: 144824
Core_0_L1I_total_hit: 1040251
Core_0_L1I_total_miss: 0
Core_0_L2C_total_hit: 130785
Core_0_L2C_total_miss: 62387
Core_0_LLC_total_hit: 119993
Core_0_LLC_total_miss: 18685
