Core_0_IPC: 0.26163
Core_0_branch_prediction_accuracy: 75.52897
Core_0_L1D_total_hit: 1204357
Core_0_L1D_total_miss: 144827
Core_0_L1I_total_hit: 1040188
Core_0_L1I_total_miss: 0
Core_0_L2C_total_hit: 197247
Core_0_L2C_total_miss: 129015
Core_0_LLC_total_hit: 195893
Core_0_LLC_total_miss: 30059
