Core_0_IPC: 0.25573
Core_0_branch_prediction_accuracy: 96.45216
Core_0_L1D_total_hit: 1778746
Core_0_L1D_total_miss: 130847
Core_0_L1I_total_hit: 1518158
Core_0_L1I_total_miss: 907
Core_0_L2C_total_hit: 100131
Core_0_L2C_total_miss: 96537
Core_0_LLC_total_hit: 91571
Core_0_LLC_total_miss: 119597
