Core_0_IPC: 0.38011
Core_0_branch_prediction_accuracy: 95.06470
Core_0_L1D_total_hit: 1778970
Core_0_L1D_total_miss: 40021
Core_0_L1I_total_hit: 1400876
Core_0_L1I_total_miss: 34563
Core_0_L2C_total_hit: 486439
Core_0_L2C_total_miss: 80260
Core_0_LLC_total_hit: 43893
Core_0_LLC_total_miss: 40813
