Core_0_IPC: 0.89944
Core_0_branch_prediction_accuracy: 97.75262
Core_0_L1D_total_hit: 696450
Core_0_L1D_total_miss: 85062
Core_0_L1I_total_hit: 1206175
Core_0_L1I_total_miss: 262
Core_0_L2C_total_hit: 79041
Core_0_L2C_total_miss: 77918
Core_0_LLC_total_hit: 45749
Core_0_LLC_total_miss: 71896
