Core_0_IPC: 0.23862
Core_0_branch_prediction_accuracy: 75.52897
Core_0_L1D_total_hit: 1203635
Core_0_L1D_total_miss: 144822
Core_0_L1I_total_hit: 1040237
Core_0_L1I_total_miss: 0
Core_0_L2C_total_hit: 369164
Core_0_L2C_total_miss: 474298
Core_0_LLC_total_hit: 551075
Core_0_LLC_total_miss: 84011
