Core_0_IPC: 0.25561
Core_0_branch_prediction_accuracy: 96.45216
Core_0_L1D_total_hit: 1778954
Core_0_L1D_total_miss: 130846
Core_0_L1I_total_hit: 1518475
Core_0_L1I_total_miss: 908
Core_0_L2C_total_hit: 103009
Core_0_L2C_total_miss: 99140
Core_0_LLC_total_hit: 92036
Core_0_LLC_total_miss: 123749
