Core_0_IPC: 0.07533
Core_0_branch_prediction_accuracy: 92.86808
Core_0_L1D_total_hit: 249623
Core_0_L1D_total_miss: 856884
Core_0_L1I_total_hit: 947637
Core_0_L1I_total_miss: 3
Core_0_L2C_total_hit: 1536507
Core_0_L2C_total_miss: 4568019
Core_0_LLC_total_hit: 2623207
Core_0_LLC_total_miss: 1970079
