Core_0_IPC: 0.49017
Core_0_branch_prediction_accuracy: 99.38729
Core_0_L1D_total_hit: 583440
Core_0_L1D_total_miss: 269069
Core_0_L1I_total_hit: 1125092
Core_0_L1I_total_miss: 0
Core_0_L2C_total_hit: 417310
Core_0_L2C_total_miss: 162939
Core_0_LLC_total_hit: 104730
Core_0_LLC_total_miss: 183590
