Core_0_IPC: 0.24487
Core_0_branch_prediction_accuracy: 96.45216
Core_0_L1D_total_hit: 1778855
Core_0_L1D_total_miss: 130842
Core_0_L1I_total_hit: 1515456
Core_0_L1I_total_miss: 909
Core_0_L2C_total_hit: 539194
Core_0_L2C_total_miss: 403756
Core_0_LLC_total_hit: 34631
Core_0_LLC_total_miss: 421175
