Core_0_IPC: 0.26313
Core_0_branch_prediction_accuracy: 75.52897
Core_0_L1D_total_hit: 1204363
Core_0_L1D_total_miss: 144827
Core_0_L1I_total_hit: 1040208
Core_0_L1I_total_miss: 0
Core_0_L2C_total_hit: 194968
Core_0_L2C_total_miss: 131252
Core_0_LLC_total_hit: 137646
Core_0_LLC_total_miss: 19307
