Core_0_IPC: 0.66718
Core_0_branch_prediction_accuracy: 97.75262
Core_0_L1D_total_hit: 662565
Core_0_L1D_total_miss: 85065
Core_0_L1I_total_hit: 1223071
Core_0_L1I_total_miss: 262
Core_0_L2C_total_hit: 20029
Core_0_L2C_total_miss: 71183
Core_0_LLC_total_hit: 34036
Core_0_LLC_total_miss: 42279
