Core_0_IPC: 0.09387
Core_0_branch_prediction_accuracy: 92.86808
Core_0_L1D_total_hit: 249173
Core_0_L1D_total_miss: 856881
Core_0_L1I_total_hit: 945945
Core_0_L1I_total_miss: 3
Core_0_L2C_total_hit: 796032
Core_0_L2C_total_miss: 919930
Core_0_LLC_total_hit: 753022
Core_0_LLC_total_miss: 797503
