Core_0_IPC: 0.37931
Core_0_branch_prediction_accuracy: 95.06470
Core_0_L1D_total_hit: 1778683
Core_0_L1D_total_miss: 40021
Core_0_L1I_total_hit: 1400726
Core_0_L1I_total_miss: 34563
Core_0_L2C_total_hit: 623609
Core_0_L2C_total_miss: 93234
Core_0_LLC_total_hit: 57867
Core_0_LLC_total_miss: 39892
