Core_0_IPC: 0.24394
Core_0_branch_prediction_accuracy: 96.45216
Core_0_L1D_total_hit: 1773455
Core_0_L1D_total_miss: 130846
Core_0_L1I_total_hit: 1512749
Core_0_L1I_total_miss: 908
Core_0_L2C_total_hit: 100095
Core_0_L2C_total_miss: 96481
Core_0_LLC_total_hit: 40973
Core_0_LLC_total_miss: 101139
