Core_0_IPC: 0.08345
Core_0_branch_prediction_accuracy: 92.86808
Core_0_L1D_total_hit: 249670
Core_0_L1D_total_miss: 856878
Core_0_L1I_total_hit: 946386
Core_0_L1I_total_miss: 3
Core_0_L2C_total_hit: 795053
Core_0_L2C_total_miss: 920948
Core_0_LLC_total_hit: 664312
Core_0_LLC_total_miss: 888692
