Core_0_IPC: 0.26879
Core_0_branch_prediction_accuracy: 75.52897
Core_0_L1D_total_hit: 1204386
Core_0_L1D_total_miss: 144825
Core_0_L1I_total_hit: 1040208
Core_0_L1I_total_miss: 0
Core_0_L2C_total_hit: 257041
Core_0_L2C_total_miss: 77189
Core_0_LLC_total_hit: 146127
Core_0_LLC_total_miss: 16297
