Core_0_IPC: 0.07250
Core_0_branch_prediction_accuracy: 92.86808
Core_0_L1D_total_hit: 249978
Core_0_L1D_total_miss: 856862
Core_0_L1I_total_hit: 947303
Core_0_L1I_total_miss: 3
Core_0_L2C_total_hit: 1559783
Core_0_L2C_total_miss: 4602460
Core_0_LLC_total_hit: 3571867
Core_0_LLC_total_miss: 2414878
