Core_0_IPC: 0.62264
Core_0_branch_prediction_accuracy: 99.38729
Core_0_L1D_total_hit: 578597
Core_0_L1D_total_miss: 269063
Core_0_L1I_total_hit: 1186007
Core_0_L1I_total_miss: 0
Core_0_L2C_total_hit: 421571
Core_0_L2C_total_miss: 162965
Core_0_LLC_total_hit: 72456
Core_0_LLC_total_miss: 212438
