Core_0_IPC: 0.09659
Core_0_branch_prediction_accuracy: 92.86808
Core_0_L1D_total_hit: 249358
Core_0_L1D_total_miss: 856903
Core_0_L1I_total_hit: 946762
Core_0_L1I_total_miss: 3
Core_0_L2C_total_hit: 1976977
Core_0_L2C_total_miss: 1556972
Core_0_LLC_total_hit: 1304730
Core_0_LLC_total_miss: 865768
