Core_0_IPC: 1.00443
Core_0_branch_prediction_accuracy: 97.75262
Core_0_L1D_total_hit: 708974
Core_0_L1D_total_miss: 85062
Core_0_L1I_total_hit: 1199723
Core_0_L1I_total_miss: 262
Core_0_L2C_total_hit: 630851
Core_0_L2C_total_miss: 129834
Core_0_LLC_total_hit: 39752
Core_0_LLC_total_miss: 95616
