Core_0_IPC: 0.33165
Core_0_branch_prediction_accuracy: 95.17972
Core_0_L1D_total_hit: 1852257
Core_0_L1D_total_miss: 62937
Core_0_L1I_total_hit: 1304288
Core_0_L1I_total_miss: 38998
Core_0_L2C_total_hit: 185299
Core_0_L2C_total_miss: 26307
Core_0_LLC_total_hit: 13885
Core_0_LLC_total_miss: 17454
