Core_0_IPC: 0.33109
Core_0_branch_prediction_accuracy: 95.17972
Core_0_L1D_total_hit: 1852244
Core_0_L1D_total_miss: 62937
Core_0_L1I_total_hit: 1304274
Core_0_L1I_total_miss: 39000
Core_0_L2C_total_hit: 185063
Core_0_L2C_total_miss: 26531
Core_0_LLC_total_hit: 13816
Core_0_LLC_total_miss: 17747
