Core_0_IPC: 0.08160
Core_0_branch_prediction_accuracy: 92.86808
Core_0_L1D_total_hit: 248192
Core_0_L1D_total_miss: 856899
Core_0_L1I_total_hit: 946899
Core_0_L1I_total_miss: 3
Core_0_L2C_total_hit: 323508
Core_0_L2C_total_miss: 562065
Core_0_LLC_total_hit: 516159
Core_0_LLC_total_miss: 610453
