Core_0_IPC: 0.25135
Core_0_branch_prediction_accuracy: 96.45216
Core_0_L1D_total_hit: 1783549
Core_0_L1D_total_miss: 130845
Core_0_L1I_total_hit: 1520949
Core_0_L1I_total_miss: 908
Core_0_L2C_total_hit: 347517
Core_0_L2C_total_miss: 304580
Core_0_LLC_total_hit: 52664
Core_0_LLC_total_miss: 362276
