Core_0_IPC: 0.37924
Core_0_branch_prediction_accuracy: 95.06470
Core_0_L1D_total_hit: 1778876
Core_0_L1D_total_miss: 40021
Core_0_L1I_total_hit: 1400802
Core_0_L1I_total_miss: 34560
Core_0_L2C_total_hit: 627377
Core_0_L2C_total_miss: 96141
Core_0_LLC_total_hit: 56305
Core_0_LLC_total_miss: 44328
