Core_0_IPC: 0.33649
Core_0_branch_prediction_accuracy: 95.17972
Core_0_L1D_total_hit: 1853680
Core_0_L1D_total_miss: 62936
Core_0_L1I_total_hit: 1302750
Core_0_L1I_total_miss: 38997
Core_0_L2C_total_hit: 824337
Core_0_L2C_total_miss: 124703
Core_0_LLC_total_hit: 102173
Core_0_LLC_total_miss: 63302
