Core_0_IPC: 0.25459
Core_0_branch_prediction_accuracy: 75.52897
Core_0_L1D_total_hit: 1204362
Core_0_L1D_total_miss: 144825
Core_0_L1I_total_hit: 1040239
Core_0_L1I_total_miss: 0
Core_0_L2C_total_hit: 133382
Core_0_L2C_total_miss: 61425
Core_0_LLC_total_hit: 66286
Core_0_LLC_total_miss: 16400
