Core_0_IPC: 0.26039
Core_0_branch_prediction_accuracy: 96.45216
Core_0_L1D_total_hit: 1786350
Core_0_L1D_total_miss: 130849
Core_0_L1I_total_hit: 1522423
Core_0_L1I_total_miss: 908
Core_0_L2C_total_hit: 150759
Core_0_L2C_total_miss: 140090
Core_0_LLC_total_hit: 61163
Core_0_LLC_total_miss: 186098
