Core_0_IPC: 0.86117
Core_0_branch_prediction_accuracy: 97.75262
Core_0_L1D_total_hit: 697401
Core_0_L1D_total_miss: 85065
Core_0_L1I_total_hit: 1203338
Core_0_L1I_total_miss: 262
Core_0_L2C_total_hit: 120480
Core_0_L2C_total_miss: 81039
Core_0_LLC_total_hit: 29767
Core_0_LLC_total_miss: 56575
