Core_0_IPC: 0.59721
Core_0_branch_prediction_accuracy: 99.38729
Core_0_L1D_total_hit: 552494
Core_0_L1D_total_miss: 269060
Core_0_L1I_total_hit: 1192635
Core_0_L1I_total_miss: 0
Core_0_L2C_total_hit: 576635
Core_0_L2C_total_miss: 162998
Core_0_LLC_total_hit: 128635
Core_0_LLC_total_miss: 162970
