Core_0_IPC: 0.67309
Core_0_branch_prediction_accuracy: 97.75262
Core_0_L1D_total_hit: 662767
Core_0_L1D_total_miss: 85069
Core_0_L1I_total_hit: 1223299
Core_0_L1I_total_miss: 262
Core_0_L2C_total_hit: 19911
Core_0_L2C_total_miss: 71305
Core_0_LLC_total_hit: 34706
Core_0_LLC_total_miss: 41764
