Core_0_IPC: 0.25946
Core_0_branch_prediction_accuracy: 96.45216
Core_0_L1D_total_hit: 1787514
Core_0_L1D_total_miss: 130844
Core_0_L1I_total_hit: 1524467
Core_0_L1I_total_miss: 910
Core_0_L2C_total_hit: 150017
Core_0_L2C_total_miss: 140285
Core_0_LLC_total_hit: 65714
Core_0_LLC_total_miss: 181413
