Core_0_IPC: 0.51075
Core_0_branch_prediction_accuracy: 99.38729
Core_0_L1D_total_hit: 588477
Core_0_L1D_total_miss: 269073
Core_0_L1I_total_hit: 1198006
Core_0_L1I_total_miss: 0
Core_0_L2C_total_hit: 334333
Core_0_L2C_total_miss: 162964
Core_0_LLC_total_hit: 32198
Core_0_LLC_total_miss: 252428
