Core_0_IPC: 0.07503
Core_0_branch_prediction_accuracy: 92.86808
Core_0_L1D_total_hit: 247893
Core_0_L1D_total_miss: 856902
Core_0_L1I_total_hit: 948699
Core_0_L1I_total_miss: 3
Core_0_L2C_total_hit: 324559
Core_0_L2C_total_miss: 562400
Core_0_LLC_total_hit: 470629
Core_0_LLC_total_miss: 656880
