Core_0_IPC: 0.26307
Core_0_branch_prediction_accuracy: 75.52897
Core_0_L1D_total_hit: 1204224
Core_0_L1D_total_miss: 144827
Core_0_L1I_total_hit: 1040190
Core_0_L1I_total_miss: 0
Core_0_L2C_total_hit: 175548
Core_0_L2C_total_miss: 150454
Core_0_LLC_total_hit: 245434
Core_0_LLC_total_miss: 16641
