Core_0_IPC: 0.68751
Core_0_branch_prediction_accuracy: 99.38729
Core_0_L1D_total_hit: 557381
Core_0_L1D_total_miss: 269062
Core_0_L1I_total_hit: 1191394
Core_0_L1I_total_miss: 0
Core_0_L2C_total_hit: 547637
Core_0_L2C_total_miss: 163000
Core_0_LLC_total_hit: 39570
Core_0_LLC_total_miss: 254890
