Core_0_IPC: 0.37729
Core_0_branch_prediction_accuracy: 95.06470
Core_0_L1D_total_hit: 1778566
Core_0_L1D_total_miss: 40021
Core_0_L1I_total_hit: 1400688
Core_0_L1I_total_miss: 34563
Core_0_L2C_total_hit: 623573
Core_0_L2C_total_miss: 94103
Core_0_LLC_total_hit: 53355
Core_0_LLC_total_miss: 45281
