Core_0_IPC: 0.53723
Core_0_branch_prediction_accuracy: 99.38729
Core_0_L1D_total_hit: 564336
Core_0_L1D_total_miss: 269063
Core_0_L1I_total_hit: 1141497
Core_0_L1I_total_miss: 0
Core_0_L2C_total_hit: 413657
Core_0_L2C_total_miss: 162933
Core_0_LLC_total_hit: 121951
Core_0_LLC_total_miss: 201506
