Core_0_IPC: 0.33533
Core_0_branch_prediction_accuracy: 95.17972
Core_0_L1D_total_hit: 1853507
Core_0_L1D_total_miss: 62935
Core_0_L1I_total_hit: 1302587
Core_0_L1I_total_miss: 38997
Core_0_L2C_total_hit: 823937
Core_0_L2C_total_miss: 128415
Core_0_LLC_total_hit: 78492
Core_0_LLC_total_miss: 58007
