Core_0_IPC: 0.97969
Core_0_branch_prediction_accuracy: 97.75262
Core_0_L1D_total_hit: 703730
Core_0_L1D_total_miss: 85062
Core_0_L1I_total_hit: 1202566
Core_0_L1I_total_miss: 262
Core_0_L2C_total_hit: 373371
Core_0_L2C_total_miss: 95744
Core_0_LLC_total_hit: 66522
Core_0_LLC_total_miss: 72924
