Core_0_IPC: 0.18662
Core_0_branch_prediction_accuracy: 75.52897
Core_0_L1D_total_hit: 1203161
Core_0_L1D_total_miss: 144822
Core_0_L1I_total_hit: 1040416
Core_0_L1I_total_miss: 0
Core_0_L2C_total_hit: 369052
Core_0_L2C_total_miss: 493808
Core_0_LLC_total_hit: 284143
Core_0_LLC_total_miss: 369058
