Core_0_IPC: 0.24541
Core_0_branch_prediction_accuracy: 96.45216
Core_0_L1D_total_hit: 1772363
Core_0_L1D_total_miss: 130847
Core_0_L1I_total_hit: 1507276
Core_0_L1I_total_miss: 907
Core_0_L2C_total_hit: 100220
Core_0_L2C_total_miss: 96413
Core_0_LLC_total_hit: 33802
Core_0_LLC_total_miss: 108168
