Core_0_IPC: 0.24410
Core_0_branch_prediction_accuracy: 96.45216
Core_0_L1D_total_hit: 1774369
Core_0_L1D_total_miss: 130841
Core_0_L1I_total_hit: 1512969
Core_0_L1I_total_miss: 908
Core_0_L2C_total_hit: 102960
Core_0_L2C_total_miss: 99103
Core_0_LLC_total_hit: 62855
Core_0_LLC_total_miss: 81891
