Core_0_IPC: 0.64268
Core_0_branch_prediction_accuracy: 99.38729
Core_0_L1D_total_hit: 558409
Core_0_L1D_total_miss: 269068
Core_0_L1I_total_hit: 1193012
Core_0_L1I_total_miss: 0
Core_0_L2C_total_hit: 528337
Core_0_L2C_total_miss: 162997
Core_0_LLC_total_hit: 77965
Core_0_LLC_total_miss: 206964
