Core_0_IPC: 0.53599
Core_0_branch_prediction_accuracy: 99.38729
Core_0_L1D_total_hit: 583818
Core_0_L1D_total_miss: 269071
Core_0_L1I_total_hit: 1126857
Core_0_L1I_total_miss: 0
Core_0_L2C_total_hit: 377108
Core_0_L2C_total_miss: 162956
Core_0_LLC_total_hit: 32898
Core_0_LLC_total_miss: 252885
