Core_0_IPC: 0.33659
Core_0_branch_prediction_accuracy: 95.17972
Core_0_L1D_total_hit: 1853610
Core_0_L1D_total_miss: 62937
Core_0_L1I_total_hit: 1302838
Core_0_L1I_total_miss: 38997
Core_0_L2C_total_hit: 826077
Core_0_L2C_total_miss: 122194
Core_0_LLC_total_hit: 99150
Core_0_LLC_total_miss: 61884
