Core_0_IPC: 0.05693
Core_0_branch_prediction_accuracy: 92.86808
Core_0_L1D_total_hit: 245386
Core_0_L1D_total_miss: 856954
Core_0_L1I_total_hit: 953340
Core_0_L1I_total_miss: 3
Core_0_L2C_total_hit: 324057
Core_0_L2C_total_miss: 562015
Core_0_LLC_total_hit: 142681
Core_0_LLC_total_miss: 440383
