Core_0_IPC: 0.54237
Core_0_branch_prediction_accuracy: 99.38729
Core_0_L1D_total_hit: 564704
Core_0_L1D_total_miss: 269067
Core_0_L1I_total_hit: 1140431
Core_0_L1I_total_miss: 0
Core_0_L2C_total_hit: 369717
Core_0_L2C_total_miss: 162952
Core_0_LLC_total_hit: 151403
Core_0_LLC_total_miss: 168163
