Core_0_IPC: 0.25375
Core_0_branch_prediction_accuracy: 75.52897
Core_0_L1D_total_hit: 1203757
Core_0_L1D_total_miss: 144825
Core_0_L1I_total_hit: 1040203
Core_0_L1I_total_miss: 0
Core_0_L2C_total_hit: 357522
Core_0_L2C_total_miss: 561003
Core_0_LLC_total_hit: 538661
Core_0_LLC_total_miss: 58052
