Core_0_IPC: 0.48300
Core_0_branch_prediction_accuracy: 99.38729
Core_0_L1D_total_hit: 582000
Core_0_L1D_total_miss: 269070
Core_0_L1I_total_hit: 1123885
Core_0_L1I_total_miss: 0
Core_0_L2C_total_hit: 349628
Core_0_L2C_total_miss: 162962
Core_0_LLC_total_hit: 113358
Core_0_LLC_total_miss: 171535
