Core_0_IPC: 0.26312
Core_0_branch_prediction_accuracy: 75.52897
Core_0_L1D_total_hit: 1204302
Core_0_L1D_total_miss: 144824
Core_0_L1I_total_hit: 1040253
Core_0_L1I_total_miss: 0
Core_0_L2C_total_hit: 121215
Core_0_L2C_total_miss: 71957
Core_0_LLC_total_hit: 144171
Core_0_LLC_total_miss: 15238
