Core_0_IPC: 0.25596
Core_0_branch_prediction_accuracy: 96.45216
Core_0_L1D_total_hit: 1780904
Core_0_L1D_total_miss: 130845
Core_0_L1I_total_hit: 1518392
Core_0_L1I_total_miss: 910
Core_0_L2C_total_hit: 523300
Core_0_L2C_total_miss: 391563
Core_0_LLC_total_hit: 116092
Core_0_LLC_total_miss: 327539
