Core_0_IPC: 1.03242
Core_0_branch_prediction_accuracy: 97.75262
Core_0_L1D_total_hit: 708103
Core_0_L1D_total_miss: 85059
Core_0_L1I_total_hit: 1199572
Core_0_L1I_total_miss: 262
Core_0_L2C_total_hit: 592494
Core_0_L2C_total_miss: 117827
Core_0_LLC_total_hit: 28954
Core_0_LLC_total_miss: 115972
