Core_0_IPC: 0.07544
Core_0_branch_prediction_accuracy: 92.86808
Core_0_L1D_total_hit: 246622
Core_0_L1D_total_miss: 856936
Core_0_L1I_total_hit: 952264
Core_0_L1I_total_miss: 3
Core_0_L2C_total_hit: 323957
Core_0_L2C_total_miss: 563054
Core_0_LLC_total_hit: 446554
Core_0_LLC_total_miss: 681886
