Core_0_IPC: 0.33008
Core_0_branch_prediction_accuracy: 95.17972
Core_0_L1D_total_hit: 1852026
Core_0_L1D_total_miss: 62935
Core_0_L1I_total_hit: 1304345
Core_0_L1I_total_miss: 39001
Core_0_L2C_total_hit: 100422
Core_0_L2C_total_miss: 18553
Core_0_LLC_total_hit: 20440
Core_0_LLC_total_miss: 17423
