Core_0_IPC: 0.62083
Core_0_branch_prediction_accuracy: 99.38729
Core_0_L1D_total_hit: 556519
Core_0_L1D_total_miss: 269064
Core_0_L1I_total_hit: 1193551
Core_0_L1I_total_miss: 0
Core_0_L2C_total_hit: 529364
Core_0_L2C_total_miss: 162993
Core_0_LLC_total_hit: 101413
Core_0_LLC_total_miss: 183508
