Core_0_IPC: 0.87428
Core_0_branch_prediction_accuracy: 97.75262
Core_0_L1D_total_hit: 697893
Core_0_L1D_total_miss: 85070
Core_0_L1I_total_hit: 1203462
Core_0_L1I_total_miss: 262
Core_0_L2C_total_hit: 125920
Core_0_L2C_total_miss: 78908
Core_0_LLC_total_hit: 32767
Core_0_LLC_total_miss: 51254
