Core_0_IPC: 0.08652
Core_0_branch_prediction_accuracy: 92.86808
Core_0_L1D_total_hit: 249564
Core_0_L1D_total_miss: 856888
Core_0_L1I_total_hit: 946165
Core_0_L1I_total_miss: 3
Core_0_L2C_total_hit: 797953
Core_0_L2C_total_miss: 918056
Core_0_LLC_total_hit: 822785
Core_0_LLC_total_miss: 724978
