Core_0_IPC: 0.36500
Core_0_branch_prediction_accuracy: 95.06470
Core_0_L1D_total_hit: 1779300
Core_0_L1D_total_miss: 40020
Core_0_L1I_total_hit: 1400862
Core_0_L1I_total_miss: 34563
Core_0_L2C_total_hit: 73698
Core_0_L2C_total_miss: 14596
Core_0_LLC_total_hit: 9435
Core_0_LLC_total_miss: 18377
