Core_0_IPC: 0.06389
Core_0_branch_prediction_accuracy: 92.86808
Core_0_L1D_total_hit: 245280
Core_0_L1D_total_miss: 856951
Core_0_L1I_total_hit: 956605
Core_0_L1I_total_miss: 3
Core_0_L2C_total_hit: 323513
Core_0_L2C_total_miss: 562557
Core_0_LLC_total_hit: 245922
Core_0_LLC_total_miss: 337694
