Core_0_IPC: 0.96078
Core_0_branch_prediction_accuracy: 97.75262
Core_0_L1D_total_hit: 698862
Core_0_L1D_total_miss: 85063
Core_0_L1I_total_hit: 1203534
Core_0_L1I_total_miss: 262
Core_0_L2C_total_hit: 126817
Core_0_L2C_total_miss: 81019
Core_0_LLC_total_hit: 72435
Core_0_LLC_total_miss: 58540
