Core_0_IPC: 0.52930
Core_0_branch_prediction_accuracy: 99.38729
Core_0_L1D_total_hit: 583749
Core_0_L1D_total_miss: 269071
Core_0_L1I_total_hit: 1126211
Core_0_L1I_total_miss: 0
Core_0_L2C_total_hit: 376938
Core_0_L2C_total_miss: 162956
Core_0_LLC_total_hit: 40124
Core_0_LLC_total_miss: 245963
