Core_0_IPC: 0.24487
Core_0_branch_prediction_accuracy: 96.45216
Core_0_L1D_total_hit: 1771881
Core_0_L1D_total_miss: 130847
Core_0_L1I_total_hit: 1507303
Core_0_L1I_total_miss: 907
Core_0_L2C_total_hit: 97931
Core_0_L2C_total_miss: 94802
Core_0_LLC_total_hit: 34075
Core_0_LLC_total_miss: 106175
