Core_0_IPC: 0.62425
Core_0_branch_prediction_accuracy: 99.38729
Core_0_L1D_total_hit: 554691
Core_0_L1D_total_miss: 269067
Core_0_L1I_total_hit: 1192210
Core_0_L1I_total_miss: 0
Core_0_L2C_total_hit: 569944
Core_0_L2C_total_miss: 162998
Core_0_LLC_total_hit: 80636
Core_0_LLC_total_miss: 210809
