Core_0_IPC: 0.05694
Core_0_branch_prediction_accuracy: 92.86808
Core_0_L1D_total_hit: 245358
Core_0_L1D_total_miss: 856954
Core_0_L1I_total_hit: 953217
Core_0_L1I_total_miss: 3
Core_0_L2C_total_hit: 323559
Core_0_L2C_total_miss: 562513
Core_0_LLC_total_hit: 143261
Core_0_LLC_total_miss: 440158
