Core_0_IPC: 0.53269
Core_0_branch_prediction_accuracy: 99.38729
Core_0_L1D_total_hit: 565670
Core_0_L1D_total_miss: 269059
Core_0_L1I_total_hit: 1139191
Core_0_L1I_total_miss: 0
Core_0_L2C_total_hit: 370218
Core_0_L2C_total_miss: 162944
Core_0_LLC_total_hit: 115495
Core_0_LLC_total_miss: 203166
