Core_0_IPC: 0.33080
Core_0_branch_prediction_accuracy: 95.17972
Core_0_L1D_total_hit: 1852028
Core_0_L1D_total_miss: 62936
Core_0_L1I_total_hit: 1304393
Core_0_L1I_total_miss: 39001
Core_0_L2C_total_hit: 105334
Core_0_L2C_total_miss: 19116
Core_0_LLC_total_hit: 20832
Core_0_LLC_total_miss: 17833
