Core_0_IPC: 0.06274
Core_0_branch_prediction_accuracy: 92.86808
Core_0_L1D_total_hit: 250134
Core_0_L1D_total_miss: 856868
Core_0_L1I_total_hit: 947827
Core_0_L1I_total_miss: 3
Core_0_L2C_total_hit: 1494952
Core_0_L2C_total_miss: 4905152
Core_0_LLC_total_hit: 3433270
Core_0_LLC_total_miss: 2859796
