Core_0_IPC: 1.02282
Core_0_branch_prediction_accuracy: 97.75262
Core_0_L1D_total_hit: 708925
Core_0_L1D_total_miss: 85064
Core_0_L1I_total_hit: 1199615
Core_0_L1I_total_miss: 262
Core_0_L2C_total_hit: 626560
Core_0_L2C_total_miss: 127660
Core_0_LLC_total_hit: 54401
Core_0_LLC_total_miss: 109161
