Core_0_IPC: 0.49340
Core_0_branch_prediction_accuracy: 99.38729
Core_0_L1D_total_hit: 583413
Core_0_L1D_total_miss: 269069
Core_0_L1I_total_hit: 1126297
Core_0_L1I_total_miss: 0
Core_0_L2C_total_hit: 376686
Core_0_L2C_total_miss: 162953
Core_0_LLC_total_hit: 102663
Core_0_LLC_total_miss: 183569
