Core_0_IPC: 0.25581
Core_0_branch_prediction_accuracy: 75.52897
Core_0_L1D_total_hit: 1203769
Core_0_L1D_total_miss: 144823
Core_0_L1I_total_hit: 1040209
Core_0_L1I_total_miss: 0
Core_0_L2C_total_hit: 370089
Core_0_L2C_total_miss: 487946
Core_0_LLC_total_hit: 597148
Core_0_LLC_total_miss: 52946
