Core_0_IPC: 0.59360
Core_0_branch_prediction_accuracy: 99.38729
Core_0_L1D_total_hit: 550638
Core_0_L1D_total_miss: 269062
Core_0_L1I_total_hit: 1192185
Core_0_L1I_total_miss: 0
Core_0_L2C_total_hit: 548147
Core_0_L2C_total_miss: 162990
Core_0_LLC_total_hit: 119901
Core_0_LLC_total_miss: 170321
