Core_0_IPC: 0.37162
Core_0_branch_prediction_accuracy: 95.06470
Core_0_L1D_total_hit: 1779645
Core_0_L1D_total_miss: 40020
Core_0_L1I_total_hit: 1400895
Core_0_L1I_total_miss: 34563
Core_0_L2C_total_hit: 132994
Core_0_L2C_total_miss: 20351
Core_0_LLC_total_hit: 13215
Core_0_LLC_total_miss: 20362
