Core_0_IPC: 0.08274
Core_0_branch_prediction_accuracy: 92.86808
Core_0_L1D_total_hit: 249074
Core_0_L1D_total_miss: 856861
Core_0_L1I_total_hit: 947197
Core_0_L1I_total_miss: 3
Core_0_L2C_total_hit: 1572146
Core_0_L2C_total_miss: 4240378
Core_0_LLC_total_hit: 2349765
Core_0_LLC_total_miss: 1916285
