Core_0_IPC: 0.24573
Core_0_branch_prediction_accuracy: 96.45216
Core_0_L1D_total_hit: 1781275
Core_0_L1D_total_miss: 130843
Core_0_L1I_total_hit: 1516100
Core_0_L1I_total_miss: 911
Core_0_L2C_total_hit: 547433
Core_0_L2C_total_miss: 405811
Core_0_LLC_total_hit: 80932
Core_0_LLC_total_miss: 450972
