Core_0_IPC: 0.47133
Core_0_branch_prediction_accuracy: 99.38729
Core_0_L1D_total_hit: 583088
Core_0_L1D_total_miss: 269072
Core_0_L1I_total_hit: 1124440
Core_0_L1I_total_miss: 0
Core_0_L2C_total_hit: 416860
Core_0_L2C_total_miss: 162942
Core_0_LLC_total_hit: 93838
Core_0_LLC_total_miss: 195098
