Core_0_IPC: 0.97364
Core_0_branch_prediction_accuracy: 97.75262
Core_0_L1D_total_hit: 702527
Core_0_L1D_total_miss: 85059
Core_0_L1I_total_hit: 1202852
Core_0_L1I_total_miss: 262
Core_0_L2C_total_hit: 366539
Core_0_L2C_total_miss: 95718
Core_0_LLC_total_hit: 45904
Core_0_LLC_total_miss: 89242
