Core_0_IPC: 0.25455
Core_0_branch_prediction_accuracy: 75.52897
Core_0_L1D_total_hit: 1203765
Core_0_L1D_total_miss: 144824
Core_0_L1I_total_hit: 1040208
Core_0_L1I_total_miss: 0
Core_0_L2C_total_hit: 374658
Core_0_L2C_total_miss: 488141
Core_0_LLC_total_hit: 475855
Core_0_LLC_total_miss: 47058
