Core_0_IPC: 0.38051
Core_0_branch_prediction_accuracy: 95.06470
Core_0_L1D_total_hit: 1779174
Core_0_L1D_total_miss: 40021
Core_0_L1I_total_hit: 1400822
Core_0_L1I_total_miss: 34562
Core_0_L2C_total_hit: 486025
Core_0_L2C_total_miss: 80651
Core_0_LLC_total_hit: 54926
Core_0_LLC_total_miss: 44170
