Core_0_IPC: 0.97475
Core_0_branch_prediction_accuracy: 97.75262
Core_0_L1D_total_hit: 703046
Core_0_L1D_total_miss: 85061
Core_0_L1I_total_hit: 1203141
Core_0_L1I_total_miss: 262
Core_0_L2C_total_hit: 82273
Core_0_L2C_total_miss: 78095
Core_0_LLC_total_hit: 69739
Core_0_LLC_total_miss: 56071
