Core_0_IPC: 0.08668
Core_0_branch_prediction_accuracy: 92.86808
Core_0_L1D_total_hit: 249516
Core_0_L1D_total_miss: 856896
Core_0_L1I_total_hit: 946210
Core_0_L1I_total_miss: 3
Core_0_L2C_total_hit: 796025
Core_0_L2C_total_miss: 919994
Core_0_LLC_total_hit: 832077
Core_0_LLC_total_miss: 719851
