Core_0_IPC: 0.92076
Core_0_branch_prediction_accuracy: 97.75262
Core_0_L1D_total_hit: 703564
Core_0_L1D_total_miss: 85059
Core_0_L1I_total_hit: 1202419
Core_0_L1I_total_miss: 262
Core_0_L2C_total_hit: 376745
Core_0_L2C_total_miss: 93495
Core_0_LLC_total_hit: 33076
Core_0_LLC_total_miss: 65877
