Core_0_IPC: 0.93200
Core_0_branch_prediction_accuracy: 97.75262
Core_0_L1D_total_hit: 696761
Core_0_L1D_total_miss: 85061
Core_0_L1I_total_hit: 1204266
Core_0_L1I_total_miss: 262
Core_0_L2C_total_hit: 119762
Core_0_L2C_total_miss: 81023
Core_0_LLC_total_hit: 51273
Core_0_LLC_total_miss: 73367
