Core_0_IPC: 0.19322
Core_0_branch_prediction_accuracy: 75.52897
Core_0_L1D_total_hit: 1203335
Core_0_L1D_total_miss: 144820
Core_0_L1I_total_hit: 1040412
Core_0_L1I_total_miss: 0
Core_0_L2C_total_hit: 321194
Core_0_L2C_total_miss: 373833
Core_0_LLC_total_hit: 207247
Core_0_LLC_total_miss: 316780
