Core_0_IPC: 0.33133
Core_0_branch_prediction_accuracy: 95.17972
Core_0_L1D_total_hit: 1852233
Core_0_L1D_total_miss: 62938
Core_0_L1I_total_hit: 1304354
Core_0_L1I_total_miss: 39001
Core_0_L2C_total_hit: 184548
Core_0_L2C_total_miss: 26969
Core_0_LLC_total_hit: 14454
Core_0_LLC_total_miss: 17575
