Core_0_IPC: 0.05694
Core_0_branch_prediction_accuracy: 92.86808
Core_0_L1D_total_hit: 245416
Core_0_L1D_total_miss: 856959
Core_0_L1I_total_hit: 953712
Core_0_L1I_total_miss: 3
Core_0_L2C_total_hit: 323654
Core_0_L2C_total_miss: 561981
Core_0_LLC_total_hit: 142506
Core_0_LLC_total_miss: 440522
