Core_0_IPC: 0.25527
Core_0_branch_prediction_accuracy: 75.52897
Core_0_L1D_total_hit: 1204289
Core_0_L1D_total_miss: 144824
Core_0_L1I_total_hit: 1040245
Core_0_L1I_total_miss: 0
Core_0_L2C_total_hit: 125250
Core_0_L2C_total_miss: 67922
Core_0_LLC_total_hit: 78743
Core_0_LLC_total_miss: 12549
