Core_0_IPC: 0.33552
Core_0_branch_prediction_accuracy: 95.17972
Core_0_L1D_total_hit: 1852491
Core_0_L1D_total_miss: 62937
Core_0_L1I_total_hit: 1303987
Core_0_L1I_total_miss: 39001
Core_0_L2C_total_hit: 184703
Core_0_L2C_total_miss: 26970
Core_0_LLC_total_hit: 27703
Core_0_LLC_total_miss: 19936
