Core_0_IPC: 0.33186
Core_0_branch_prediction_accuracy: 95.17972
Core_0_L1D_total_hit: 1852186
Core_0_L1D_total_miss: 62936
Core_0_L1I_total_hit: 1304276
Core_0_L1I_total_miss: 39001
Core_0_L2C_total_hit: 116082
Core_0_L2C_total_miss: 20749
Core_0_LLC_total_hit: 22577
Core_0_LLC_total_miss: 18627
