Core_0_IPC: 0.26677
Core_0_branch_prediction_accuracy: 75.52897
Core_0_L1D_total_hit: 1204379
Core_0_L1D_total_miss: 144823
Core_0_L1I_total_hit: 1040232
Core_0_L1I_total_miss: 0
Core_0_L2C_total_hit: 133575
Core_0_L2C_total_miss: 61230
Core_0_LLC_total_hit: 120364
Core_0_LLC_total_miss: 15403
