Core_0_IPC: 0.25703
Core_0_branch_prediction_accuracy: 96.45216
Core_0_L1D_total_hit: 1778948
Core_0_L1D_total_miss: 130848
Core_0_L1I_total_hit: 1519027
Core_0_L1I_total_miss: 907
Core_0_L2C_total_hit: 97952
Core_0_L2C_total_miss: 94809
Core_0_LLC_total_hit: 86627
Core_0_LLC_total_miss: 121145
