Core_0_IPC: 0.25979
Core_0_branch_prediction_accuracy: 75.52897
Core_0_L1D_total_hit: 1204260
Core_0_L1D_total_miss: 144827
Core_0_L1I_total_hit: 1040189
Core_0_L1I_total_miss: 0
Core_0_L2C_total_hit: 193661
Core_0_L2C_total_miss: 132471
Core_0_LLC_total_hit: 134739
Core_0_LLC_total_miss: 24480
