Core_0_IPC: 0.37962
Core_0_branch_prediction_accuracy: 95.06470
Core_0_L1D_total_hit: 1778616
Core_0_L1D_total_miss: 40021
Core_0_L1I_total_hit: 1400733
Core_0_L1I_total_miss: 34562
Core_0_L2C_total_hit: 627625
Core_0_L2C_total_miss: 95956
Core_0_LLC_total_hit: 74297
Core_0_LLC_total_miss: 50065
