Core_0_IPC: 0.07182
Core_0_branch_prediction_accuracy: 92.86808
Core_0_L1D_total_hit: 249654
Core_0_L1D_total_miss: 856871
Core_0_L1I_total_hit: 948133
Core_0_L1I_total_miss: 3
Core_0_L2C_total_hit: 1975122
Core_0_L2C_total_miss: 1523097
Core_0_LLC_total_hit: 346924
Core_0_LLC_total_miss: 1201393
