Core_0_IPC: 0.33170
Core_0_branch_prediction_accuracy: 95.17972
Core_0_L1D_total_hit: 1852147
Core_0_L1D_total_miss: 62936
Core_0_L1I_total_hit: 1304283
Core_0_L1I_total_miss: 39001
Core_0_L2C_total_hit: 116148
Core_0_L2C_total_miss: 20695
Core_0_LLC_total_hit: 22292
Core_0_LLC_total_miss: 18725
