Core_0_IPC: 0.25527
Core_0_branch_prediction_accuracy: 75.52897
Core_0_L1D_total_hit: 1203785
Core_0_L1D_total_miss: 144821
Core_0_L1I_total_hit: 1040210
Core_0_L1I_total_miss: 0
Core_0_L2C_total_hit: 355508
Core_0_L2C_total_miss: 497381
Core_0_LLC_total_hit: 577204
Core_0_LLC_total_miss: 82040
