Core_0_IPC: 0.38207
Core_0_branch_prediction_accuracy: 95.06470
Core_0_L1D_total_hit: 1778778
Core_0_L1D_total_miss: 40021
Core_0_L1I_total_hit: 1400812
Core_0_L1I_total_miss: 34562
Core_0_L2C_total_hit: 626751
Core_0_L2C_total_miss: 96607
Core_0_LLC_total_hit: 82782
Core_0_LLC_total_miss: 44489
