Core_0_IPC: 0.25881
Core_0_branch_prediction_accuracy: 96.45216
Core_0_L1D_total_hit: 1782983
Core_0_L1D_total_miss: 130847
Core_0_L1I_total_hit: 1519504
Core_0_L1I_total_miss: 910
Core_0_L2C_total_hit: 546841
Core_0_L2C_total_miss: 404491
Core_0_LLC_total_hit: 131067
Core_0_LLC_total_miss: 400750
