Core_0_IPC: 0.24510
Core_0_branch_prediction_accuracy: 96.45216
Core_0_L1D_total_hit: 1772531
Core_0_L1D_total_miss: 130843
Core_0_L1I_total_hit: 1506945
Core_0_L1I_total_miss: 907
Core_0_L2C_total_hit: 100146
Core_0_L2C_total_miss: 96482
Core_0_LLC_total_hit: 33883
Core_0_LLC_total_miss: 108262
