Core_0_IPC: 0.25798
Core_0_branch_prediction_accuracy: 96.45216
Core_0_L1D_total_hit: 1783278
Core_0_L1D_total_miss: 130842
Core_0_L1I_total_hit: 1523090
Core_0_L1I_total_miss: 911
Core_0_L2C_total_hit: 341198
Core_0_L2C_total_miss: 302790
Core_0_LLC_total_hit: 58759
Core_0_LLC_total_miss: 292506
