Core_0_IPC: 0.06789
Core_0_branch_prediction_accuracy: 92.86808
Core_0_L1D_total_hit: 247229
Core_0_L1D_total_miss: 856915
Core_0_L1I_total_hit: 949893
Core_0_L1I_total_miss: 3
Core_0_L2C_total_hit: 323273
Core_0_L2C_total_miss: 562752
Core_0_LLC_total_hit: 347205
Core_0_LLC_total_miss: 780733
