Core_0_IPC: 0.06252
Core_0_branch_prediction_accuracy: 92.86808
Core_0_L1D_total_hit: 245300
Core_0_L1D_total_miss: 856958
Core_0_L1I_total_hit: 956202
Core_0_L1I_total_miss: 3
Core_0_L2C_total_hit: 324460
Core_0_L2C_total_miss: 562568
Core_0_LLC_total_hit: 228583
Core_0_LLC_total_miss: 355021
