Core_0_IPC: 0.07465
Core_0_branch_prediction_accuracy: 92.86808
Core_0_L1D_total_hit: 249560
Core_0_L1D_total_miss: 856899
Core_0_L1I_total_hit: 947682
Core_0_L1I_total_miss: 3
Core_0_L2C_total_hit: 1504308
Core_0_L2C_total_miss: 4744273
Core_0_LLC_total_hit: 2708060
Core_0_LLC_total_miss: 2061310
