Core_0_IPC: 0.25855
Core_0_branch_prediction_accuracy: 75.52897
Core_0_L1D_total_hit: 1204373
Core_0_L1D_total_miss: 144825
Core_0_L1I_total_hit: 1040238
Core_0_L1I_total_miss: 0
Core_0_L2C_total_hit: 131970
Core_0_L2C_total_miss: 61203
Core_0_LLC_total_hit: 70509
Core_0_LLC_total_miss: 11883
