Core_0_IPC: 0.24580
Core_0_branch_prediction_accuracy: 96.45216
Core_0_L1D_total_hit: 1774043
Core_0_L1D_total_miss: 130841
Core_0_L1I_total_hit: 1513839
Core_0_L1I_total_miss: 908
Core_0_L2C_total_hit: 100149
Core_0_L2C_total_miss: 96424
Core_0_LLC_total_hit: 60926
Core_0_LLC_total_miss: 81034
