Core_0_IPC: 0.32871
Core_0_branch_prediction_accuracy: 95.17972
Core_0_L1D_total_hit: 1852049
Core_0_L1D_total_miss: 62935
Core_0_L1I_total_hit: 1304299
Core_0_L1I_total_miss: 39001
Core_0_L2C_total_hit: 105314
Core_0_L2C_total_miss: 19120
Core_0_LLC_total_hit: 18283
Core_0_LLC_total_miss: 20143
