Core_0_IPC: 0.59098
Core_0_branch_prediction_accuracy: 99.38729
Core_0_L1D_total_hit: 582849
Core_0_L1D_total_miss: 269064
Core_0_L1I_total_hit: 1130541
Core_0_L1I_total_miss: 0
Core_0_L2C_total_hit: 345126
Core_0_L2C_total_miss: 162961
Core_0_LLC_total_hit: 43741
Core_0_LLC_total_miss: 251873
