Core_0_IPC: 0.32238
Core_0_branch_prediction_accuracy: 95.17972
Core_0_L1D_total_hit: 1851432
Core_0_L1D_total_miss: 62935
Core_0_L1I_total_hit: 1303823
Core_0_L1I_total_miss: 39001
Core_0_L2C_total_hit: 116395
Core_0_L2C_total_miss: 20341
Core_0_LLC_total_hit: 9194
Core_0_LLC_total_miss: 15512
