Core_0_IPC: 0.26782
Core_0_branch_prediction_accuracy: 75.52897
Core_0_L1D_total_hit: 1204381
Core_0_L1D_total_miss: 144825
Core_0_L1I_total_hit: 1040236
Core_0_L1I_total_miss: 0
Core_0_L2C_total_hit: 131859
Core_0_L2C_total_miss: 61314
Core_0_LLC_total_hit: 122661
Core_0_LLC_total_miss: 13833
