Core_0_IPC: 0.26303
Core_0_branch_prediction_accuracy: 75.52897
Core_0_L1D_total_hit: 1204312
Core_0_L1D_total_miss: 144824
Core_0_L1I_total_hit: 1040243
Core_0_L1I_total_miss: 0
Core_0_L2C_total_hit: 130146
Core_0_L2C_total_miss: 63026
Core_0_LLC_total_hit: 120010
Core_0_LLC_total_miss: 20865
