Core_0_IPC: 0.91447
Core_0_branch_prediction_accuracy: 97.75262
Core_0_L1D_total_hit: 697432
Core_0_L1D_total_miss: 85061
Core_0_L1I_total_hit: 1206022
Core_0_L1I_total_miss: 262
Core_0_L2C_total_hit: 76351
Core_0_L2C_total_miss: 81107
Core_0_LLC_total_hit: 53097
Core_0_LLC_total_miss: 71073
