Core_0_IPC: 0.58961
Core_0_branch_prediction_accuracy: 99.38729
Core_0_L1D_total_hit: 553937
Core_0_L1D_total_miss: 269061
Core_0_L1I_total_hit: 1192729
Core_0_L1I_total_miss: 0
Core_0_L2C_total_hit: 576729
Core_0_L2C_total_miss: 163002
Core_0_LLC_total_hit: 95839
Core_0_LLC_total_miss: 195590
