Core_0_IPC: 0.33187
Core_0_branch_prediction_accuracy: 95.17972
Core_0_L1D_total_hit: 1852194
Core_0_L1D_total_miss: 62935
Core_0_L1I_total_hit: 1304215
Core_0_L1I_total_miss: 39001
Core_0_L2C_total_hit: 116303
Core_0_L2C_total_miss: 20529
Core_0_LLC_total_hit: 22000
Core_0_LLC_total_miss: 18715
