Core_0_IPC: 0.05913
Core_0_branch_prediction_accuracy: 92.86808
Core_0_L1D_total_hit: 245269
Core_0_L1D_total_miss: 856982
Core_0_L1I_total_hit: 955257
Core_0_L1I_total_miss: 3
Core_0_L2C_total_hit: 324084
Core_0_L2C_total_miss: 562019
Core_0_LLC_total_hit: 197467
Core_0_LLC_total_miss: 385599
