Core_0_IPC: 0.83426
Core_0_branch_prediction_accuracy: 97.75262
Core_0_L1D_total_hit: 664492
Core_0_L1D_total_miss: 85065
Core_0_L1I_total_hit: 1221788
Core_0_L1I_total_miss: 262
Core_0_L2C_total_hit: 21571
Core_0_L2C_total_miss: 69641
Core_0_LLC_total_hit: 80626
Core_0_LLC_total_miss: 50075
