Core_0_IPC: 0.07965
Core_0_branch_prediction_accuracy: 92.86808
Core_0_L1D_total_hit: 249734
Core_0_L1D_total_miss: 856859
Core_0_L1I_total_hit: 946537
Core_0_L1I_total_miss: 3
Core_0_L2C_total_hit: 796199
Core_0_L2C_total_miss: 919750
Core_0_LLC_total_hit: 262716
Core_0_LLC_total_miss: 679126
