Core_0_IPC: 0.35297
Core_0_branch_prediction_accuracy: 95.06470
Core_0_L1D_total_hit: 1778936
Core_0_L1D_total_miss: 40021
Core_0_L1I_total_hit: 1400636
Core_0_L1I_total_miss: 34563
Core_0_L2C_total_hit: 73879
Core_0_L2C_total_miss: 14421
Core_0_LLC_total_hit: 2078
Core_0_LLC_total_miss: 13740
