Core_0_IPC: 0.25608
Core_0_branch_prediction_accuracy: 75.52897
Core_0_L1D_total_hit: 1204423
Core_0_L1D_total_miss: 144826
Core_0_L1I_total_hit: 1040227
Core_0_L1I_total_miss: 0
Core_0_L2C_total_hit: 263063
Core_0_L2C_total_miss: 71266
Core_0_LLC_total_hit: 73363
Core_0_LLC_total_miss: 19730
