Core_0_IPC: 0.56383
Core_0_branch_prediction_accuracy: 99.38729
Core_0_L1D_total_hit: 567027
Core_0_L1D_total_miss: 269060
Core_0_L1I_total_hit: 1138143
Core_0_L1I_total_miss: 0
Core_0_L2C_total_hit: 369788
Core_0_L2C_total_miss: 162945
Core_0_LLC_total_hit: 45847
Core_0_LLC_total_miss: 272772
