Core_0_IPC: 0.04731
Core_0_branch_prediction_accuracy: 92.86808
Core_0_L1D_total_hit: 248453
Core_0_L1D_total_miss: 856862
Core_0_L1I_total_hit: 949171
Core_0_L1I_total_miss: 3
Core_0_L2C_total_hit: 1529268
Core_0_L2C_total_miss: 4632827
Core_0_LLC_total_hit: 1822853
Core_0_LLC_total_miss: 4055324
