Core_0_IPC: 0.54212
Core_0_branch_prediction_accuracy: 99.38729
Core_0_L1D_total_hit: 582074
Core_0_L1D_total_miss: 269065
Core_0_L1I_total_hit: 1127660
Core_0_L1I_total_miss: 0
Core_0_L2C_total_hit: 346044
Core_0_L2C_total_miss: 162960
Core_0_LLC_total_hit: 25699
Core_0_LLC_total_miss: 271656
