Core_0_IPC: 0.37858
Core_0_branch_prediction_accuracy: 95.06470
Core_0_L1D_total_hit: 1778661
Core_0_L1D_total_miss: 40019
Core_0_L1I_total_hit: 1400659
Core_0_L1I_total_miss: 34563
Core_0_L2C_total_hit: 625417
Core_0_L2C_total_miss: 99996
Core_0_LLC_total_hit: 57326
Core_0_LLC_total_miss: 47255
