Core_0_IPC: 1.03862
Core_0_branch_prediction_accuracy: 97.75262
Core_0_L1D_total_hit: 709805
Core_0_L1D_total_miss: 85065
Core_0_L1I_total_hit: 1199430
Core_0_L1I_total_miss: 262
Core_0_L2C_total_hit: 592111
Core_0_L2C_total_miss: 118484
Core_0_LLC_total_hit: 20416
Core_0_LLC_total_miss: 103453
