Core_0_IPC: 0.36429
Core_0_branch_prediction_accuracy: 95.06470
Core_0_L1D_total_hit: 1779416
Core_0_L1D_total_miss: 40020
Core_0_L1I_total_hit: 1400910
Core_0_L1I_total_miss: 34563
Core_0_L2C_total_hit: 70572
Core_0_L2C_total_miss: 14151
Core_0_LLC_total_hit: 9630
Core_0_LLC_total_miss: 17500
