Core_0_IPC: 0.08211
Core_0_branch_prediction_accuracy: 92.86808
Core_0_L1D_total_hit: 248137
Core_0_L1D_total_miss: 856891
Core_0_L1I_total_hit: 946985
Core_0_L1I_total_miss: 3
Core_0_L2C_total_hit: 323384
Core_0_L2C_total_miss: 563549
Core_0_LLC_total_hit: 520194
Core_0_LLC_total_miss: 608824
