Core_0_IPC: 0.32096
Core_0_branch_prediction_accuracy: 95.17972
Core_0_L1D_total_hit: 1851372
Core_0_L1D_total_miss: 62935
Core_0_L1I_total_hit: 1303862
Core_0_L1I_total_miss: 39001
Core_0_L2C_total_hit: 105291
Core_0_L2C_total_miss: 19156
Core_0_LLC_total_hit: 8788
Core_0_LLC_total_miss: 14647
