Core_0_IPC: 0.25746
Core_0_branch_prediction_accuracy: 96.45216
Core_0_L1D_total_hit: 1783238
Core_0_L1D_total_miss: 130842
Core_0_L1I_total_hit: 1523186
Core_0_L1I_total_miss: 911
Core_0_L2C_total_hit: 348245
Core_0_L2C_total_miss: 307496
Core_0_LLC_total_hit: 95263
Core_0_LLC_total_miss: 261414
