Core_0_IPC: 0.38148
Core_0_branch_prediction_accuracy: 95.06470
Core_0_L1D_total_hit: 1778726
Core_0_L1D_total_miss: 40021
Core_0_L1I_total_hit: 1400788
Core_0_L1I_total_miss: 34563
Core_0_L2C_total_hit: 626304
Core_0_L2C_total_miss: 94405
Core_0_LLC_total_hit: 80950
Core_0_LLC_total_miss: 42781
