Core_0_IPC: 0.25501
Core_0_branch_prediction_accuracy: 96.45216
Core_0_L1D_total_hit: 1781995
Core_0_L1D_total_miss: 130850
Core_0_L1I_total_hit: 1516560
Core_0_L1I_total_miss: 908
Core_0_L2C_total_hit: 150942
Core_0_L2C_total_miss: 140303
Core_0_LLC_total_hit: 35775
Core_0_LLC_total_miss: 152408
