Core_0_IPC: 0.12881
Core_0_branch_prediction_accuracy: 92.86808
Core_0_L1D_total_hit: 248581
Core_0_L1D_total_miss: 856878
Core_0_L1I_total_hit: 945752
Core_0_L1I_total_miss: 3
Core_0_L2C_total_hit: 791661
Core_0_L2C_total_miss: 916681
Core_0_LLC_total_hit: 508968
Core_0_LLC_total_miss: 429791
