Core_0_IPC: 0.08159
Core_0_branch_prediction_accuracy: 92.86808
Core_0_L1D_total_hit: 248215
Core_0_L1D_total_miss: 856903
Core_0_L1I_total_hit: 946961
Core_0_L1I_total_miss: 3
Core_0_L2C_total_hit: 324177
Core_0_L2C_total_miss: 562790
Core_0_LLC_total_hit: 517415
Core_0_LLC_total_miss: 610207
