Core_0_IPC: 0.23933
Core_0_branch_prediction_accuracy: 75.52897
Core_0_L1D_total_hit: 1203639
Core_0_L1D_total_miss: 144822
Core_0_L1I_total_hit: 1040244
Core_0_L1I_total_miss: 0
Core_0_L2C_total_hit: 371631
Core_0_L2C_total_miss: 501646
Core_0_LLC_total_hit: 464384
Core_0_LLC_total_miss: 72183
