Core_0_IPC: 0.26160
Core_0_branch_prediction_accuracy: 96.45216
Core_0_L1D_total_hit: 1782151
Core_0_L1D_total_miss: 130846
Core_0_L1I_total_hit: 1519993
Core_0_L1I_total_miss: 911
Core_0_L2C_total_hit: 514829
Core_0_L2C_total_miss: 388311
Core_0_LLC_total_hit: 126879
Core_0_LLC_total_miss: 313543
