Core_0_IPC: 0.25575
Core_0_branch_prediction_accuracy: 96.45216
Core_0_L1D_total_hit: 1783354
Core_0_L1D_total_miss: 130849
Core_0_L1I_total_hit: 1518808
Core_0_L1I_total_miss: 910
Core_0_L2C_total_hit: 150533
Core_0_L2C_total_miss: 140266
Core_0_LLC_total_hit: 44930
Core_0_LLC_total_miss: 143176
