Core_0_IPC: 0.25427
Core_0_branch_prediction_accuracy: 96.45216
Core_0_L1D_total_hit: 1782571
Core_0_L1D_total_miss: 130848
Core_0_L1I_total_hit: 1517852
Core_0_L1I_total_miss: 908
Core_0_L2C_total_hit: 150528
Core_0_L2C_total_miss: 140437
Core_0_LLC_total_hit: 36311
Core_0_LLC_total_miss: 151993
